0 1 1151.59961408013
1 2 969.555455136745
1 3 686.054296554812
2 3 891.126225102683
2 4 3573.99891403877
2 5 2636.72615999506
3 6 1806.82363689735
3 7 5557.66047270122
5 84 178.906453104065
5 85 1031.31739593762
6 23 331.090185640877
6 36 423.062550678503
84 44 95.5032372283425
84 111 104.894573727589
85 118 69.8444612777784
85 119 241.094294341312
23 21 329.018240916401
23 22 279.47003371943
23 35 397.959785888939
36 157 75.8006327279948
36 48 206.179383621795
36 161 187.942419249201
8 9 412.621294559887
9 10 154.984220116225
9 11 145.898968530804
9 12 438.158857885611
11 13 262.484793914321
11 14 87.528891157347
11 15 438.074030530532
12 15 146.061776313258
12 44 645.161592380371
15 39 68.7627850373487
44 100 135.533703998658
39 38 208.727113043776
39 43 51.9503433433263
16 17 263.521685920282
17 18 80.452287851331
17 19 198.990990380754
19 24 251.653259551204
19 25 249.065492172864
19 26 295.864992703422
25 27 188.507035948048
25 28 296.524689807582
26 47 280.062705214751
26 82 132.6275801157
26 83 361.111620656972
20 21 223.404016940956
21 22 576.414436357599
22 33 117.828108798926
22 34 395.960406857632
34 124 123.637074745515
34 35 277.417115815929
34 135 241.170939221282
35 157 281.601586688076
35 158 518.222968679068
28 82 116.859354081746
28 89 193.202494152723
28 90 361.974520250485
47 46 274.368570224411
47 63 92.8258990636755
47 64 360.455427013106
82 87 361.573482342118
83 64 278.241503595892
83 87 135.950607303442
89 92 147.224547543245
89 93 362.646967826307
90 87 117.137069409206
90 93 189.877783621197
90 183 518.334634823164
29 30 1282.5196344274
30 31 414.201286325011
30 32 159.066179709711
31 41 598.895187084049
31 42 245.467956314805
32 52 23.0064355008553
32 53 168.45847492212
41 40 554.577868173778
41 88 1090.42816957524
42 72 161.839314044851
42 99 143.328927392591
52 54 75.4773154153566
52 55 31.678728367319
52 56 168.14894529594
53 56 24.7746783573707
53 106 87.538809180993
124 120 122.861724096312
124 131 241.280384237553
135 131 121.640597432329
135 194 277.11508139963
157 160 100.314091960778
157 161 169.373099421969
158 194 279.486972651245
158 193 284.106733858258
158 241 447.375806333393
48 46 358.839056037402
48 64 276.731299195523
48 168 516.597220964108
161 193 347.15484478291
37 38 573.381899002628
38 40 285.454461373356
40 98 94.5352659024011
40 112 118.719004114275
43 49 66.6120732755493
43 50 117.370002688702
43 51 66.1527158052163
98 81 71.3590821536074
98 102 73.6240236489852
88 99 742.007924407408
88 163 124.845119536033
88 256 161.784394931619
72 69 31.0764300825511
72 74 33.9730842986185
72 75 77.2946006446313
99 117 8.29756359337921
51 86 108.552785746196
51 80 18.3253038983503
100 103 419.664931386563
100 111 8.71674315366581
45 46 249.463513512224
64 176 517.308758268314
168 193 280.270769774701
168 176 275.618098768154
168 255 139.334561392743
80 78 95.9041246790932
80 91 25.3532743909916
55 57 74.1392686266332
55 58 31.3615521879328
55 59 168.496568149209
56 59 32.8942518607641
56 107 87.2322051560024
106 107 25.6133055079971
106 142 240.077054960167
58 60 84.2174096885078
58 61 31.9531256924656
58 62 169.20519222298
59 62 33.7975385269733
59 108 86.6057036406367
107 108 32.8629578209314
61 65 78.1352320854838
61 66 31.4043161483508
61 67 77.8993322799021
62 109 32.7777748534792
62 110 86.0667929782251
108 110 33.6664847788111
108 144 70.7975704456834
66 68 74.6231291844299
66 69 32.4704571894853
66 70 75.4009219003821
109 113 80.2749015391102
109 114 33.1372412252642
109 115 85.9981966685747
110 115 32.8373780413466
110 145 65.3609886345722
176 180 415.704744285618
176 257 149.474967118925
69 71 57.9134768685862
69 73 75.3011980161835
76 77 24.8288971861792
76 78 32.7106651630974
76 79 101.387606228152
78 81 93.7373208128842
81 97 85.6829779513258
91 94 131.457749744976
91 95 40.5920234589808
97 95 22.8462193072794
97 101 120.883149715634
97 102 70.7142963143388
87 180 518.182269351673
111 159 152.088911762662
118 120 122.065749917743
118 121 241.15346459162
119 121 72.1991527495509
119 184 277.252658887327
180 183 119.205885933982
180 264 147.775821201978
163 134 674.794812663926
163 178 118.865175166939
256 273 375.904308480231
256 274 161.133707100953
93 186 131.518788952125
93 187 518.589347216269
183 187 190.155677237191
183 266 259.898011104886
95 96 153.970892138471
186 190 518.76796804847
186 191 1165.37334140464
187 190 132.333196455945
187 267 562.426661359614
102 128 88.2721561948661
117 114 105.973280492355
117 134 125.549600722307
103 104 93.4538166070122
103 105 55.4117497427532
128 147 66.2713741520436
128 148 111.650639387279
105 122 43.44841326364
105 123 6.10401430145009
123 126 31.2713590852802
123 127 28.7886298352116
142 195 271.874029638307
142 177 14.396385944456
114 116 78.4917607771229
114 115 116.878278594248
115 149 34.3516646548532
159 156 373.560144329682
159 182 412.904973273253
134 162 125.920868303409
120 125 241.278517946019
121 125 121.346616805507
121 185 276.680688461999
184 185 68.5978306495897
184 229 171.729823293436
125 131 123.719410678027
125 188 277.044549311132
185 188 121.478678296092
185 231 202.812358384638
126 129 28.9946275590215
126 130 42.6546761236495
127 136 39.3660146592099
127 137 13.936550204614
131 192 277.01830418554
188 192 124.709438840388
188 233 240.426400686595
129 132 11.2582986351248
129 133 43.5504762822601
130 137 30.9249130065581
130 133 27.9730057767206
130 146 47.4585730373592
137 143 13.1070918309686
147 164 107.525975766557
147 165 203.651998387626
148 154 45.6614068014451
148 167 81.0700293892692
133 155 13.8784648036711
133 156 46.5576463850742
146 141 30.8511246660973
146 156 26.4899249533211
192 194 119.345246996439
192 236 232.191625387716
162 177 135.76726905264
162 178 608.792516433469
194 238 521.966669396089
143 141 35.1014634681623
143 150 39.704300971141
138 139 31.8222558907907
139 140 73.9523238520956
139 141 113.890200960871
195 196 107.151347650399
195 197 697.599404962608
177 198 72.9903641915108
164 167 98.9833830191037
164 181 95.0367467669276
165 173 137.755470718296
165 189 83.3370782697869
154 152 52.4812329031439
154 166 10.8976296499065
167 179 99.4077229016773
151 152 54.616852890004
152 153 33.6325757108221
193 249 491.250018967777
182 228 25.8364677583964
182 240 1374.62192504358
178 235 131.582876988047
181 199 119.44921763449
173 172 29.2839762882943
173 174 69.7384374191099
189 200 42.2710707974156
189 201 33.4124850357694
169 170 52.750357946573
169 171 71.1651987113735
169 172 30.7720818976077
172 175 62.3470744491417
198 202 381.634887056491
198 203 151.603504777826
235 224 206.183339018686
235 254 509.591431987849
235 265 102.9165653222
199 208 69.6378019059509
199 209 35.1267833517914
228 220 188.963372699856
228 244 1834.81395881233
240 289 202.897788468042
240 290 153.488784145856
190 191 397.374982126315
190 270 163.893344150744
191 262 400.372951234002
267 249 1313.10629208768
267 262 548.519755900502
200 204 151.355427278031
200 205 106.860726264865
201 206 93.6475327160083
201 207 42.8643251585199
262 261 1248.71342600264
249 299 439.16854804939
238 289 178.497041750562
238 297 103.061077513596
196 197 452.102077071925
196 202 103.424793807806
197 211 54.8116878832428
202 212 424.925024637305
202 213 95.0574805929627
211 212 38.7349515393501
211 225 578.531967093203
203 213 447.909792005527
203 224 109.183214829486
204 220 58.7714334945062
204 221 72.7006449652779
205 222 36.3284865346125
205 223 180.872344575473
206 207 130.353598835592
207 210 123.138421427488
212 230 94.879131062591
213 230 426.854635495998
213 234 95.3336107247212
224 234 504.191043183786
220 227 126.254854286917
221 222 113.854145717238
221 232 35.3102912371489
222 226 37.7315217029781
223 226 35.7733497945016
223 239 14.4662326564551
223 237 111.230880199044
230 243 98.7157846450052
234 243 427.030294213167
234 254 202.264702251491
214 215 70.6454714474605
214 216 1087.04560140339
214 217 1301.36514932433
215 218 1370.29015897642
215 219 2831.15088801782
216 218 216.640242779306
216 217 814.616248485888
217 219 284.197311459105
218 250 479.79838160765
218 268 425.696268328058
219 332 817.893107637146
250 251 666.570621965137
250 252 547.951942311387
268 252 478.419742752695
268 269 1500.6740020363
332 347 20.0807646758184
232 226 112.277836076046
232 237 38.1940119929679
237 242 30.8492434103589
244 298 2197.61964358506
244 336 445.289124896508
243 258 541.683532529163
243 259 199.222244578573
254 271 103.839385792231
254 272 103.056690944039
265 273 51.7499709710823
265 272 509.126545942766
242 245 61.9701859754312
242 248 166.58024845056
289 290 317.081473549472
297 299 21.7464040375348
297 298 933.483783855689
290 298 358.19493900984
245 246 125.020134074728
245 247 93.218602979294
259 275 220.548305614127
259 279 228.990310205137
259 280 316.158993867927
336 341 87.8887194629739
299 300 734.702878314687
251 253 463.72536373561
251 252 232.688734418062
252 269 1752.27518875606
269 339 4079.57087825212
271 275 103.007598114867
271 276 392.271262712323
272 281 103.898152627769
273 278 55.256461381978
274 285 376.623264624488
274 293 154.67417512444
275 277 391.343274966849
279 282 139.617724630923
279 283 382.369489528281
279 284 318.152947287876
280 284 229.425562121125
280 305 322.718449140639
260 261 1424.18324388822
261 263 5124.80615734392
263 300 3018.5036006676
263 352 115.380549008677
300 319 2501.48795817608
352 353 58.3628720168644
339 347 1310.02540226667
339 351 1329.0317375056
276 302 105.391792360091
276 277 101.147434194451
281 278 508.650171602173
281 294 105.704659854553
278 285 105.068623500955
285 295 325.373534513649
285 296 155.226382534463
293 296 377.318254968071
293 303 165.597433455921
277 307 247.380899659502
302 294 80.5844431601023
302 306 245.326129524653
307 305 220.63787364453
307 306 207.253685061026
282 283 91.1353444537377
282 286 319.558243137722
283 287 88.6245988387874
283 288 320.449117937287
284 286 136.818473886463
305 308 457.632352000669
305 320 251.154897126314
294 295 182.812152930849
286 288 92.3862664598208
287 291 33.7345300169048
287 292 321.332921972004
288 292 89.8106485120612
288 308 322.374924746295
295 301 322.039304885796
296 304 166.230719597462
292 311 26.3977742578892
308 313 116.341821215895
311 312 135.372749761427
311 313 321.893550140674
303 309 129.401933565305
303 304 378.069020945378
303 310 93.0541194359797
301 314 94.2061046071711
301 306 183.135918081739
304 314 228.424305816554
304 315 94.9494275426562
314 315 320.630729100214
306 317 252.727078293138
310 315 378.505492838152
310 316 158.385534340232
315 318 161.333755371947
320 325 278.681541521761
320 329 519.568846286074
317 318 501.907380580317
317 325 151.736750256635
317 326 383.971390890177
313 323 161.725620441651
316 318 379.258991398219
316 321 127.952509497456
318 322 118.515876020381
321 322 379.762464500564
321 324 123.399568494027
325 327 517.754982143526
326 331 501.867333092827
326 337 132.815908792016
322 328 123.558213885491
329 327 278.413632391346
329 340 249.606489337099
329 342 984.937895230815
324 328 380.320021062206
324 330 649.132712577538
328 331 139.41409441049
330 331 132.041352169201
330 337 501.861981456925
330 338 377.736718540789
327 337 149.360823147669
327 340 517.042239106969
340 346 324.973951123028
342 346 339.200084534156
342 349 751.52688106293
338 344 295.635584021895
338 346 1017.34570925898
333 334 1616.33681222779
333 335 2144.1791824004
335 343 7294.46337433806
343 421 2544.44711132502
343 606 1943.29038385362
341 344 198.902112833455
344 345 620.322544995826
351 359 477.455072266619
351 360 2115.01106523382
349 350 153.494704522646
421 420 2587.48060306324
421 626 2769.91704882986
421 627 1893.70911446475
606 627 2568.98021365084
606 955 2940.26578912294
345 348 81.3129590976044
348 441 4861.60974160746
441 442 92.9762961134832
350 356 3931.17761475441
356 354 171.658958362506
360 368 31.3066391016938
360 372 33.0135592461313
353 480 4873.03436427854
480 481 1922.71385451405
480 482 1846.76627603947
354 355 1579.46582401924
355 357 2210.88397848194
355 358 1394.06270347584
357 361 1233.11582451049
357 362 2276.12102427693
358 363 301.124421660286
358 364 1072.55293613658
361 366 477.814191324468
362 367 655.810194416699
362 368 378.997795801402
363 365 913.82596163891
364 378 175.369682437192
364 386 289.329633004772
364 387 320.510295666627
368 371 32.92574407826
372 371 25.1587281824698
372 377 784.066653843907
366 374 358.719414627825
366 388 831.740308001327
366 389 424.627572014446
367 369 607.15022492998
367 370 747.968188302039
365 378 5.50819350243037
378 379 195.119850708628
378 380 415.027699474332
386 387 268.952368284311
386 394 226.15445578644
387 380 156.803999644422
387 395 378.241508780219
374 369 458.163521685195
374 385 684.464929921792
388 391 160.703806676955
388 392 977.914096406675
389 410 229.227230191061
389 411 373.794012580607
369 373 278.298636388043
369 375 717.705743547827
370 376 283.846004151314
370 409 328.319664467187
371 376 546.061365702686
375 385 322.111518582796
375 425 349.594883208456
376 393 311.860565244036
409 436 97.1620379157594
409 425 707.916298353358
377 423 924.163072010623
385 429 434.14730849418
425 429 321.872436867137
393 417 288.260668041055
393 418 528.702398579106
423 1215 4626.730399588
380 396 416.274016431433
380 397 381.779562270065
397 395 125.962305190588
397 434 1702.62273057951
397 435 576.940842318835
381 382 1293.00208143617
382 383 262.937953667157
382 384 181.40048186709
384 390 36.4536655419384
390 443 585.45070968146
429 464 24.9341602332223
394 412 15.1132205571224
394 395 499.194594903851
391 398 303.733865004266
391 399 510.438841498798
391 400 274.849037245043
392 401 297.057133045174
392 402 664.540664087651
410 411 119.909796449829
410 439 334.599984777595
411 428 160.440104530531
443 444 276.631147367926
443 445 349.615553861871
398 403 30.158791145854
398 402 1022.92847401901
399 414 90.1203925767906
399 422 31.1423116859877
400 422 203.890142540482
400 426 450.72569985155
401 404 585.679415095996
401 405 933.077637829211
418 436 205.830683838993
418 452 237.30950272098
418 453 633.534608627437
412 404 50.8670428136806
434 445 628.074615618863
434 460 1568.41446304173
435 413 1173.41913995451
435 474 492.103194790716
435 475 605.081017810603
414 415 90.9477683469687
414 416 100.636565056753
422 424 523.68725754978
426 424 270.178526430479
426 462 894.291680810588
404 413 334.094393344266
405 484 158.633287511325
413 450 484.169108822002
406 407 274.751126621437
406 408 45.7937174990429
408 437 253.821855363149
437 432 175.064911223703
437 440 165.402885939816
436 447 251.074327484573
439 446 294.534002996604
439 461 221.718821322392
428 416 399.713015820304
428 427 161.73296966637
428 446 342.083358083182
450 483 198.250107880739
416 427 182.420759597771
452 447 173.236053461972
452 458 382.833677622012
452 453 310.6509905667
453 469 773.386691622305
419 420 1065.95930374589
627 914 1563.92520832706
424 446 313.506172270536
424 467 441.019072276085
1215 1216 34.789067115344
446 463 346.907114855459
467 463 357.362617950483
467 504 27.2843176788445
464 461 418.35388051055
464 466 850.09312477979
430 431 167.681849701876
430 432 87.062115603872
430 433 170.695655585066
432 438 167.853067398899
433 444 174.248115629868
433 438 90.1270551527177
433 449 114.186939826747
438 440 175.838932406104
438 451 118.8373630048
444 448 118.274608246412
449 448 170.640733580382
449 451 88.4226658095358
449 456 180.957358489081
445 455 227.26406595941
445 465 1432.93748183753
474 495 529.534861426338
474 506 182.922616395787
475 514 144.980716710792
475 515 276.436190454308
447 458 212.803065819666
440 454 119.39466495844
451 454 177.146889732367
451 457 176.888396900257
461 463 414.279801264111
461 478 270.782521299903
454 459 181.813429706135
442 476 505.738190135138
476 472 808.396942434802
476 479 459.51517702456
448 455 183.694848360558
455 456 156.016761433528
463 485 219.16102995568
458 469 595.908215113304
456 457 86.6827794731526
483 495 141.75774471907
483 496 719.573640412448
457 468 147.928015547608
469 466 347.792768561456
459 468 30.2157553780458
459 471 199.721335038649
468 470 325.690171439564
471 472 302.252125263255
471 473 308.347130901219
478 499 85.8828049146816
478 500 275.140928388181
485 500 222.709466130905
485 508 368.225081315665
485 509 378.117021918586
466 525 55.8402936335456
525 528 147.787614773138
525 529 243.27894275222
504 489 369.42180952007
504 505 429.225497543258
470 490 579.858271547601
470 491 1053.88363601292
490 494 275.222183022457
490 537 143.165466612555
491 537 105.869378498358
491 556 103.606922895297
472 477 330.334193987842
473 477 328.519626289891
473 494 622.691101581887
477 503 637.792390793147
494 503 321.497453022803
494 540 148.4443223581
495 501 565.635230213061
495 502 1.4838285684953
506 514 418.946280557966
506 517 598.04497562199
514 516 245.757050387519
515 516 153.838554377146
515 534 217.047536477214
479 511 760.591276512168
479 512 268.737462613851
503 523 202.933482107246
503 541 149.373142118123
499 500 203.488407882165
499 507 413.327869460708
500 510 241.730932007773
511 512 407.365038429784
511 523 340.236913025806
512 527 1432.82430279327
481 564 162.28794996369
481 565 455.991002178749
482 651 1200.38949791024
482 652 955.717020214227
482 653 891.323362926247
564 572 514.63553211205
565 578 97.0859433905983
565 597 122.587922875651
651 624 817.395653815517
651 674 495.95971482486
651 675 1015.27186633943
652 653 239.701496890034
652 825 1412.71503814302
653 674 852.904318641859
653 827 889.761168630802
496 543 111.656545721652
496 547 486.856080499064
496 546 118.329637422506
508 510 71.184589856384
508 522 194.987745819611
509 505 120.131645856304
509 526 152.985765425519
486 487 85.0270510469763
486 488 73.2550375178096
487 489 407.710167536689
488 492 32.2584157814285
488 493 23.7338345137947
489 498 12.7458539734221
493 497 43.4833122549611
493 498 293.541222321089
498 513 1448.10744326445
537 540 319.09602433814
556 571 153.697545506935
540 552 212.657556805616
543 513 37.9162864369709
543 546 159.152649284116
547 517 177.400638865697
547 562 356.168410388316
546 549 39.1269995511018
546 563 185.28672187983
513 544 31.9330271925979
507 532 165.785075484412
507 533 218.542383490273
510 524 40.7226068260896
523 545 153.504951957805
541 552 98.1924306479622
541 545 224.804446196237
505 530 335.555549835474
530 553 510.008865340471
530 554 501.364606977161
517 567 512.801971285137
517 568 546.557000639825
532 522 95.6905784281555
532 536 215.381931561923
533 528 364.20116940863
533 548 218.418944014599
522 536 99.5869592357508
526 539 207.675581268976
527 720 52.2528550773941
527 734 164.505717444317
544 549 178.433139227841
544 550 243.401296131366
516 531 192.965946988749
534 521 63.2126802679584
534 531 271.131990011999
531 542 228.72538793385
567 581 290.534307470115
567 582 297.777069772526
568 586 365.423564475844
568 635 487.397740774068
518 519 754.287295500896
518 520 499.078238049775
518 521 408.525141145564
521 551 216.490606892641
551 579 56.2808616361017
551 580 73.7303306451984
536 539 198.672439445361
545 566 382.704122157017
528 535 778.956795026463
539 538 57.1663118227863
720 714 71.7991350949924
720 732 184.036470812041
734 732 54.0034126962253
734 771 153.414717258035
535 548 192.310596953435
535 590 677.726939707452
553 548 223.244042263386
553 554 594.357395915683
554 636 66.5280929513988
590 650 306.71596211304
590 643 283.697036139045
552 555 392.221769931099
549 569 323.600917401704
549 570 1353.80678578578
550 583 567.626237976578
550 584 221.374560689989
566 555 265.591266520027
566 621 621.56701846675
563 562 227.686829698031
563 586 323.484423213035
562 586 213.750920873058
569 584 140.364638924056
569 615 272.186743498784
570 635 27.4959961820199
570 697 514.448280270072
570 698 263.354531420723
583 584 243.867380908428
583 615 543.96526158561
579 581 96.1705598743132
579 580 39.8809163750861
579 587 27.6644126179561
580 588 29.0835022409061
555 620 19.1517263704744
555 621 848.457493168663
636 643 171.427185244454
636 644 576.931201867746
620 622 210.127765535576
621 735 180.014682420486
571 601 47.8642144703646
557 558 401.664310024993
557 559 331.731952035792
558 560 330.228587193404
558 561 1216.47073003197
559 560 397.275906387227
559 605 128.827114438763
560 561 132.733627907776
561 598 210.666116853129
561 599 176.631145414105
605 611 119.917717537976
605 630 95.0100414381552
598 611 70.5212045152395
598 612 179.213776182938
599 628 66.2467614394855
599 629 180.582090697802
572 638 149.978306609023
578 574 91.7764472033949
578 576 145.793670241704
578 594 76.1354448301218
597 617 81.4640265328733
597 618 381.21852659708
581 587 92.3518484806728
582 634 228.02923562857
582 635 368.983396812797
635 637 257.312456092528
615 659 398.392901287128
697 658 23.4118394029558
697 724 161.828532287128
698 749 189.172509261855
698 750 420.782383153099
601 602 42.1480886435305
601 603 42.8525691288594
638 600 242.635234230624
638 639 199.297120812405
573 574 144.834449680904
573 575 311.647713853701
573 576 90.4394421901589
574 577 57.4866818815511
575 576 218.856140391636
575 585 88.3423993849307
576 589 88.0178303686216
585 589 215.809731592149
585 600 318.745860468319
589 594 151.68237225909
589 604 107.188265235527
587 593 52.4720915876554
588 591 19.1985859090061
588 592 67.093194774211
634 607 242.682442178456
634 637 439.323423941814
600 649 74.3777661141195
593 591 23.7862094436398
593 596 88.5276220206051
591 592 65.7358157810797
592 595 496.400647760956
643 660 160.169876137332
595 632 304.021012903543
595 633 467.727946619246
596 607 188.165093888517
596 608 416.350608754205
632 608 266.316710983319
632 678 320.203399002893
633 679 256.154952146007
633 680 555.726149797493
607 645 158.675168669203
608 645 232.15212682589
608 667 100.889127136403
617 624 29.7903900963677
618 669 80.7620447071018
618 673 167.716629082495
611 619 180.118492420908
612 628 140.668118271277
612 619 70.2774491727244
612 640 76.3282618019963
628 631 53.7263765256984
629 648 202.840832019355
649 656 72.9907418260381
649 657 160.644087683269
602 603 18.1750026692469
602 609 19.1577779076351
603 610 8.74930078208687
609 613 18.2837502701112
609 616 41.2960041755376
610 613 8.52710918891949
610 614 182.571790919508
630 641 45.1466087623138
630 642 264.764461916528
955 1015 33.1908760131235
645 658 314.910110042791
667 678 105.676603653402
667 684 238.339171176905
613 616 42.2422651256095
616 623 318.365168510742
614 622 184.766883632846
614 625 446.141575161191
619 646 179.034186107317
640 647 169.000931796654
640 648 103.149642990788
625 654 211.623823127314
625 694 84.0357399257854
659 727 207.778292681225
659 738 29.3893499250168
623 654 215.820571193657
623 655 171.554992706206
669 665 67.5391351246887
669 671 363.145504153586
669 672 166.59015490056
673 672 70.2372325150365
673 709 252.622467573736
646 642 126.667778043393
646 648 72.3253432561301
735 757 186.132696484696
735 771 256.659210943345
654 668 151.669113240874
655 668 258.137940584916
655 682 414.785428572546
694 668 194.927935726101
694 712 190.146796545443
642 676 41.3458628258363
642 677 629.104604152573
678 708 126.739215930174
679 722 75.0830013422442
679 723 914.609440181729
680 744 249.070672271159
680 745 252.036882349807
637 658 254.935898100961
644 681 21.2470948856733
644 685 15.7972899080848
639 661 70.3764372515156
639 665 72.918874499641
639 666 163.983421577471
661 656 72.5405001524007
661 663 70.8884802303799
661 664 162.524064778272
665 670 162.345174996888
666 664 67.8339311261838
666 670 76.3198012591834
666 701 255.004731963603
676 681 8.5043513318919
660 691 326.369480782626
660 692 174.018330755524
681 683 26.6226964394778
685 686 6.62990632763334
685 688 204.975966853049
656 662 162.345372833832
657 662 75.3598686405912
657 689 80.1499870509522
657 690 257.525394629248
674 755 1118.75666963134
675 868 287.613408727788
675 869 237.514749697613
825 1114 36.0889042457864
827 978 95.6746240859902
668 700 679.891013102174
682 744 54.6402023359402
682 768 69.2730506970672
662 664 71.6200503945574
662 693 256.337375270353
689 695 75.2962451455686
689 696 220.194099581129
690 696 68.7829893639867
690 693 79.7198065591775
690 739 252.710211490958
727 728 68.7934751302596
727 729 377.675211780268
738 742 137.389843590092
738 743 4.15701350569743
692 688 394.140496773064
664 699 258.360483963733
693 699 66.3354464555531
693 741 251.85524732314
699 701 72.4711647024678
699 748 248.388113057419
670 672 64.7319916333134
670 704 256.563886614525
701 704 71.4199142395394
701 752 251.516673391497
684 708 155.780368863023
684 716 131.47370763265
700 712 279.446750323471
700 814 292.781296193261
700 792 225.058874422819
672 707 249.288214588552
704 707 68.1684704501819
704 756 249.093446455031
707 709 64.2965634949642
707 758 252.186257282929
709 761 249.854184134873
755 963 85.1676331507238
868 905 559.238072728668
868 869 76.3688365895388
868 906 496.473775656544
869 908 529.534555989394
708 722 496.924019518903
708 726 296.556715193357
722 740 251.076105953989
723 784 81.2759179892288
723 791 65.6448659312729
723 794 79.7416810846038
723 808 350.677635703087
744 745 21.1557846904527
744 768 31.8907136346574
745 784 24.9565056179728
683 686 24.6672620418883
683 687 683.407262577225
768 786 22.5542233539488
687 730 185.31022203221
687 775 280.770349389038
716 753 293.737404126807
716 754 100.5194113028
688 717 319.102345625759
730 728 213.344392793554
775 767 39.5735700715909
775 809 181.90489561012
717 780 386.053870409761
717 781 129.784645908955
695 702 78.2805894662468
695 703 187.102873277963
696 703 67.4476500293525
696 737 249.476076190475
739 737 71.3655857874383
739 741 74.810237990266
739 795 92.1928390422638
741 748 69.4735583303855
712 751 255.702636451724
702 705 82.0635128039836
702 706 150.592654098322
703 706 69.9669813082537
703 736 250.059905086905
737 736 70.1657593039584
724 762 73.3590121728503
724 766 34.8434773063063
749 759 174.698382197768
749 760 120.650381007648
750 769 651.930405428789
750 829 81.2659014580365
748 752 70.0535490598854
792 786 538.523608322901
792 846 30.9911598064716
792 802 26.9964919190425
752 756 74.8054507856681
752 807 151.091363739011
705 710 252.287600301842
705 711 114.669421139236
706 711 73.7328208711157
706 733 250.189512964608
736 733 66.1494493153872
736 793 90.7922541242898
756 758 66.7367774063258
710 713 72.3122047072303
710 714 68.707905426426
710 715 253.585929370559
711 718 84.9619526455679
711 731 246.710440555372
733 731 75.4160246530677
758 761 68.3789917445645
726 740 334.665547238748
726 789 79.6495160994043
713 718 66.8970571861202
713 719 250.378556296289
714 721 218.012482604127
715 721 61.2813998793205
715 719 68.3086323657483
718 725 251.820028477263
731 725 82.105788969155
731 787 90.9139874850117
751 757 101.578289247933
719 725 69.0726372610375
721 732 62.341880567924
753 766 72.4048841045049
753 773 107.856761899937
753 774 116.750333992386
754 773 104.801572113106
754 776 148.970296439073
754 777 129.409926960764
781 810 461.448286473766
781 811 1119.9210688086
740 798 410.853236895741
784 791 32.469213881194
791 786 19.5376992689444
791 794 70.3398267106156
794 802 472.043533903455
808 866 313.837077679609
808 867 131.124810988839
762 759 91.8106240403476
762 765 120.482806690171
766 772 265.631713660583
789 779 146.5867088837
789 805 409.584994316245
729 764 23.6893756636411
729 746 116.465863520411
746 743 89.7694189785327
746 767 277.030260621345
787 806 90.7061675610423
787 793 137.064838230485
771 799 261.824790943536
793 813 69.463440488483
743 747 287.059179502448
798 805 66.1967125974687
798 872 49.6777335550583
747 769 239.700806229432
747 770 152.09872555698
767 816 147.30131030854
769 785 118.57639131305
770 785 227.986562219018
770 804 163.762659178894
759 763 117.07372306762
760 782 170.295980714402
760 783 368.034007377161
829 812 651.142719625191
829 843 201.648685245083
829 844 202.186671361862
807 828 121.504401395644
773 778 109.76152115031
774 778 113.401420488038
774 796 71.6063522367005
776 779 123.09433150278
777 797 114.211020067513
777 779 113.133969663607
963 1057 317.944449734629
763 782 8.56689034650042
763 765 89.3831878851352
782 788 68.8427452840616
783 843 105.197805183331
783 848 32.827907011131
765 790 58.3643395720205
790 788 95.2564262717741
790 801 116.727511706132
772 801 72.2518016522377
772 820 77.8353628043772
816 804 316.001832329478
816 826 349.437198929397
785 812 154.168587800117
804 830 193.636843192011
804 826 243.882277996004
799 833 87.0313518090166
799 834 155.860115340135
801 788 207.219627811064
820 815 66.7618652337667
820 837 111.919713761255
778 797 20.1733309728817
796 800 135.994942139188
796 815 154.101799043059
809 835 58.9249747525468
809 836 210.562540284343
779 803 76.2794306922665
797 800 68.5615276392225
803 817 212.978816227717
803 819 156.187552233382
843 847 41.4532300609805
848 851 110.427779367212
848 852 181.770638164009
812 830 25.9513014675645
805 842 360.833651094795
805 872 81.1061470951932
846 849 27.9107157151742
846 850 413.026248379137
802 849 13.605803960858
800 817 7.23844067878819
815 818 147.468755532815
872 879 118.41228488901
872 880 162.535232754183
872 881 397.433506173386
833 845 86.7000045348546
834 853 72.0447567229365
817 818 157.608154958992
849 856 406.340747026806
819 818 204.855114868438
819 842 121.157847244524
830 831 118.112493735676
826 858 225.458857686127
842 862 78.6831911843771
828 878 227.303321650931
867 890 49.8707089589845
867 891 169.488512903137
835 838 136.034857131347
835 839 43.4305681295133
837 854 139.821648435924
837 861 87.1286397116853
821 822 576.357799454673
821 823 38.9086650407724
821 824 854.455414111457
823 832 707.340942254724
823 824 654.748944279898
824 889 1147.35645431428
889 1121 38.214003297702
1114 1191 260.558893932543
858 831 270.704525894812
858 870 356.57853867418
978 1058 394.178358912128
878 876 328.990437541309
878 883 405.305200478427
844 864 316.152773891133
844 882 49.3094458335118
831 857 214.681633928266
857 864 131.995854263529
857 865 208.281988587218
845 850 207.006877335906
853 875 136.878830672794
839 840 109.071974641421
839 841 50.9277418836607
854 851 20.3481958746961
854 859 242.89098269204
861 859 62.5096866604682
861 862 247.014432247117
862 863 49.4966281654785
847 860 87.3544640107742
864 870 426.564146659692
882 871 185.226996980377
882 892 504.873861208828
850 856 78.7336388457611
860 871 157.695293066956
851 855 307.614036897253
856 899 20.8787280718883
855 898 170.227843718204
855 893 258.958910576473
855 907 146.902661790807
875 876 566.144558747983
875 877 171.764274003924
859 863 246.972182999022
859 873 103.333951076614
898 871 75.7853422943678
898 902 572.649615869612
893 873 184.374514439693
893 919 151.718644366052
907 919 249.795505297982
907 930 93.8969913176351
899 900 87.389875124663
899 903 395.285089640249
870 892 306.838878735105
863 874 180.242329370981
873 874 256.959598116837
874 880 499.094803108845
890 894 341.844971297966
890 895 175.301640824567
891 897 225.073572635931
891 895 119.321789248719
891 915 58.1178538867863
908 1009 45.1776263620793
892 937 685.379373045632
879 884 43.9835422097644
879 885 217.877439969701
880 909 54.0571638180833
881 944 31.6761929202163
876 877 483.482416452871
877 904 46.5556176300848
904 910 114.186472581276
904 911 243.868617648556
883 922 89.3082392240161
883 931 945.248067997157
884 886 91.3154971164256
884 887 807.74411471028
885 909 105.307688313878
885 888 138.288666501503
909 916 64.9377634461718
944 942 143.79037810916
944 976 325.719503270837
944 982 21.9195047449433
922 910 172.285838814794
922 934 141.879803736986
931 1046 505.609982010844
931 1080 142.524940300527
886 887 167.84975682319
886 888 221.251039796466
887 896 144.67109608323
887 897 119.60133610996
888 912 160.635934183587
897 912 255.616409078936
912 935 45.9402999256486
1121 1138 31.9415312157919
894 900 503.749764410716
894 901 213.7079231945
895 920 155.449387700557
915 923 262.783310931742
915 924 117.194354689275
937 919 567.305893100845
937 1064 176.365763539637
919 936 598.107140783938
900 913 41.2543298243293
901 920 117.657020420801
901 932 410.352821297813
920 923 59.7560828057364
903 925 107.110642602433
913 917 158.489760266517
913 918 176.899566599366
932 918 53.8491385721121
932 958 247.756806945567
925 911 63.0838381738788
910 921 160.629514902656
911 934 298.243544622202
1009 1046 274.084802844135
916 926 147.032664001928
916 927 129.282130531337
934 967 233.833068922401
935 926 207.339528222498
935 941 25.3391225319967
917 928 156.220919175345
917 929 171.97051776395
918 929 186.655041996303
923 933 146.189565674936
924 938 72.8872264530336
924 939 53.5363730150929
924 940 66.1655849955393
926 927 116.265281721806
927 946 26.9012378279242
927 947 316.024310794384
929 961 122.769254412006
929 962 209.883505824972
936 947 150.941137461824
936 994 143.851193593353
933 940 222.064418450026
933 969 26.5850254776169
933 965 30.1971333601519
938 941 227.490990897396
938 939 40.9345083664316
939 940 41.0576246084601
939 959 36.3720477768157
946 950 45.0918421728294
946 960 60.2623807077781
946 954 44.1282697871026
947 976 89.2762267304994
947 977 199.218514013724
1046 1047 678.605712508363
1080 1095 89.8625442469072
958 985 146.093525029571
958 1000 69.4222944195885
958 1001 78.1389101246452
969 970 215.584795924694
965 959 256.056590615907
965 972 95.9346791437364
965 973 242.936150003052
967 999 78.1396403357797
941 942 97.613631308491
941 943 44.0471307355612
994 977 96.2148333937887
994 1024 374.271163717376
1064 1074 74.9044590781468
1064 1075 76.4978861609792
959 956 245.198240478386
959 966 75.1564919711403
943 945 597.194750139106
945 983 110.298265800716
982 980 346.754417775613
982 2507 38.6745564300622
982 988 578.719712290163
983 970 20.7594480330355
983 984 68.6791409489928
950 948 190.049537226337
950 954 71.6496084409417
960 954 66.4656791543745
960 964 243.837973609126
954 968 205.544519330445
977 981 59.9527438448566
977 998 38.7613098160332
977 1011 43.3028896476335
977 1012 125.651244238146
948 949 44.1815073511176
948 951 92.898908535544
949 952 44.3595031735098
949 953 92.7621174052433
951 953 43.7192301525285
951 971 142.455331891786
952 956 44.3672148055911
952 957 93.3403809963938
953 957 45.0936020152923
953 974 143.087509849414
971 968 155.34202573492
971 974 43.8085922058038
971 1008 210.754561596688
956 957 137.487037883213
957 975 151.135254362318
974 975 44.360180682503
968 1013 187.300873684339
968 1014 168.635029517991
1015 1138 1340.79357990405
975 1010 226.121991368371
985 970 122.332323442844
985 1000 107.243969897798
1000 995 33.3169655067835
1000 1001 74.0031838580903
1001 1020 294.446135888675
966 972 232.469622520443
966 979 158.286603695186
964 980 85.7527249924516
964 981 134.284928062222
1057 1047 474.398439781665
1057 1058 370.126053540959
1057 1059 403.639525140897
981 998 66.5566762639623
972 990 34.0649034146384
972 991 311.180173195537
973 987 32.8706047732523
973 995 211.395626787442
979 993 251.551878497817
979 1010 139.105367960749
999 1067 311.299345376852
1013 1021 333.753287642315
1013 1014 204.758745238686
1013 1049 187.714728553809
1014 1008 22.4758446492591
1008 1053 343.429841775664
1008 1054 210.140509700042
990 992 273.085828502697
990 993 146.805459805407
991 992 49.3470812611362
987 986 105.694731991621
987 989 72.4815871382842
995 1022 56.2866176453486
995 1023 398.645943336539
1010 1037 68.8241603804408
998 1018 15.1093852610484
1011 1018 48.2372736593089
1011 1019 338.761273977695
1012 1034 59.8159475396172
1058 1077 557.020276873089
993 1035 153.876769281825
993 1036 73.4473357183486
2507 988 539.978950598437
988 986 280.519709374858
984 996 392.042477849762
996 1030 65.7749176101527
989 997 392.727387686523
997 1030 66.6560434628827
992 1027 111.588406339726
1027 1035 109.576256929696
1027 1055 231.647895348271
1035 1048 223.995258668091
1036 1050 140.533412533484
1036 1052 162.590364904926
1024 1074 27.2135221045622
1024 1072 46.6234092628868
1022 1038 428.278996634377
1022 1039 300.528054311347
1023 1040 17.0222229362314
1023 1041 188.287033826017
1030 1031 176.707171823974
1018 1021 85.6829848534429
1067 1029 70.0919166520272
1067 1068 44.4767682914175
1067 1069 63.4756170031367
1020 1029 311.922257437579
1002 1003 400.101387866057
1002 1004 297.939151526039
1002 1005 253.043145201575
1003 1006 281.665988120656
1003 1007 3842.8925195133
1004 1016 302.767464941676
1004 1017 243.869967644827
1005 1006 390.593457744978
1005 1017 326.019270776246
1005 1065 243.338994333908
1006 1060 447.316154404296
1006 1061 234.85550662876
1007 1274 2493.08830721075
1016 1025 80.4953187969435
1016 1026 80.9809616189691
1017 1032 352.735696254487
1017 1073 230.831741941571
1065 1110 179.365851847104
1065 1073 363.898029164434
1065 1117 208.19519473972
1061 1109 354.652291789358
1061 1110 194.66405073595
1061 1111 219.292377274785
1274 1270 38.8995864821634
1274 1275 36.8581923663048
1053 1051 105.995912260229
1053 1054 305.177970669567
1054 1102 48.7056862583126
1037 1050 145.477545143526
1037 1051 264.743432941427
1019 1044 294.715673710341
1019 1072 79.7391407205142
1034 1045 237.777097390033
1021 1044 112.001735703475
1049 1066 318.545844731566
1049 1085 165.656677519272
1138 1139 1173.05302378822
1025 1026 12.8082998267021
1025 1028 671.158923185239
1026 1032 234.89875378132
1026 1033 772.776539332391
1032 1082 207.669495261203
1073 1082 329.608793483998
1073 1126 204.036921239903
1044 1066 109.951176637091
1072 1083 34.3171263719266
1029 1068 47.5194672291409
1038 1040 206.477287709586
1038 1043 204.010333262912
1038 1081 381.671231805953
1039 1090 95.8356584405608
1039 1081 578.930066603637
1040 1043 258.054772098399
1041 1062 141.291188111138
1041 1063 153.11041580344
1074 1075 27.033401331494
1028 1070 129.529579993403
1028 1071 800.569182567318
1033 1070 29.2860390565114
1033 1098 393.517048850734
1033 1099 542.899967497276
1055 1048 108.844325630951
1055 1090 28.6576632766874
1055 1103 40.8650351215359
1070 1093 537.818833770796
1071 1129 311.141772896772
1071 1130 225.159925042147
1068 1062 35.4048717066923
1068 1069 53.3012106387386
1031 1042 1112.25371205152
1042 1356 347.618920026373
1042 1357 361.672924716386
1042 1494 745.820884494759
1082 1134 205.725905791675
1082 1135 213.64996374037
1098 1151 195.757514063481
1098 1152 571.140433911408
1099 1207 5.7476859119403
1099 1213 7.70131771506667
1045 1142 350.015430473475
1045 1144 365.858032824673
1048 1052 136.426052725444
1048 1089 156.318501159959
1050 1056 124.432332351124
1052 1056 117.794278938055
1051 1076 84.915868140091
1051 1108 190.363515844748
1043 1063 76.9590522231078
1043 1097 109.473215636542
1081 1185 57.6358847475155
1090 1103 47.5840170286976
1062 1078 423.957448017119
1063 1100 129.778801216805
1356 1137 83.9545088286195
1357 1137 72.0155305553689
1494 1358 62.3260405313378
1097 1119 57.7451652167107
1097 1120 501.530119959377
1066 1086 153.983841099056
1142 1105 15.626720964102
1144 1092 14.9812784556543
1047 1059 413.801953902311
1059 1154 214.175172022745
1059 1155 393.057284352886
1089 1116 267.15907710034
1089 1112 84.4098699165835
1085 1102 75.9273661964495
1085 1107 72.4679136033783
1085 1115 294.369233455046
1056 1076 190.998398885261
1076 1116 64.8096973567286
1108 1149 236.354202907863
1108 1159 176.847937546478
1102 1107 88.466936624416
1103 1112 114.976182512641
1077 1155 42.7479737894372
1077 1222 672.276535122296
1154 1211 1113.2630035319
1154 1212 111.90099716301
1155 1214 75.7166667978425
1110 1113 214.353920524312
1111 1172 545.653078215859
1111 1113 193.000272119227
1111 1173 215.275152080916
1078 1079 34.6762497262942
1078 1140 177.644918583758
1078 1141 346.872604408084
1100 1119 37.7318803225058
1100 1125 131.21788468993
1075 1084 20.7168329194934
1117 1113 189.352336356408
1117 1126 372.283670658458
1117 1180 192.528113602201
1086 1096 59.3762938351911
1086 1124 57.9308454685148
1069 1079 383.260275685597
1079 1095 499.969977309089
1079 1137 850.038762679472
1093 1207 10.9970651786066
1093 1182 32.2584229902399
1129 1177 266.730068703037
1129 1178 469.234548183802
1130 1181 204.170509763913
1130 1182 245.449198995419
1083 1087 23.8376869135066
1083 1088 34.71008659066
1126 1135 305.44144926605
1126 1187 162.694178342064
1084 1087 21.4658534099699
1084 1091 26.9644124937542
1084 1092 276.981881031722
1116 1127 185.627278908819
1222 1199 21.6090094485597
1222 1323 737.811613523437
1140 1125 225.916349133004
1140 1160 380.384739317595
1141 1225 78.6034406507733
1141 1160 535.749399165712
1137 1339 37.2511868127348
1137 1244 34.1317755023203
1137 1351 51.135580865083
1185 1189 236.17389367425
1185 1190 237.247148545712
1135 1151 409.157056513318
1135 1188 147.415153838731
1087 1094 46.8119870117765
1088 1096 310.429777410155
1091 1101 42.6003337648873
1091 1094 20.7083723760067
1092 1145 6.01865049238227
1107 1128 25.242406681047
1115 1124 117.651436807796
1115 1136 123.140879114164
1096 1118 120.422291196762
1124 1136 156.559974572166
1094 1104 7.80685683048321
1112 1131 165.334470135689
1101 1104 39.3824570817178
1101 1105 204.903521394934
1145 1146 539.179059318197
1182 1219 9.67991278612626
1104 1106 96.7227331746382
1118 1106 391.189512013904
1118 1153 25.9812332545126
1119 1122 458.279101751389
1120 1252 40.4382649372678
1120 1259 124.545770992843
1151 1200 227.5747353435
1152 1217 140.318240449409
1152 1226 81.8500528991573
1213 1217 106.440005922777
1213 1218 36.4447928675986
1125 1168 271.037633807744
1105 1143 10.736778561928
1106 1123 425.92966955891
1143 1147 1218.83810593813
1143 1148 1218.83810593813
1123 1165 151.059768981971
1123 1166 72.9677242136734
1128 1132 112.064824143283
1128 1133 251.390695913235
1149 1132 32.5485463163015
1149 1150 31.4218069419352
1159 1169 115.418043628683
1159 1171 403.460663620593
1113 1179 204.712932708832
1173 1231 395.555368411636
1173 1179 194.349751195244
1173 1232 148.406983202566
1131 1170 94.0272923876405
1131 1183 228.045740078144
1131 1184 434.747442026534
1179 1180 212.983871432883
1191 1158 2300.64628943185
1191 1192 419.434935469802
1191 1193 12.1273616603537
1136 1175 208.238425763687
1136 1176 161.343460405253
1127 1169 13.2589688915792
1127 1170 57.5329155618266
1180 1187 364.490806266259
1180 1233 349.219792879928
1153 1165 63.4093673629928
1153 1166 162.365755412153
1122 1242 43.3752727574654
1122 1252 24.9081185330118
1252 1262 184.019027140262
1259 1189 166.30694224875
1259 1280 63.048863649038
1259 1296 144.291716845383
1242 1168 34.7408762851774
1242 1249 16.0355348877132
1165 1167 162.734666739058
1166 1176 232.434330158896
1166 1203 522.058880820134
1168 1160 46.2575370496657
1187 1188 283.498215976277
1187 1236 340.754473927325
1169 1174 38.9550135392167
1170 1174 31.8601764911455
1132 1150 31.8356708215595
1133 1195 36.1431366516925
1133 1196 38.2248968961268
1177 1181 109.707318885935
1177 1234 361.763545514286
1178 1253 215.05084240716
1178 1254 623.697334643174
1181 1210 215.410881728198
1183 1186 220.86368025292
1183 1245 370.64368224901
1183 1246 293.721230167506
1184 1273 20.0477176857824
1184 1245 12.3864790154585
1150 1164 238.234575378262
1195 1201 10.0703683465999
1195 1196 13.1249715834774
1196 1204 20.6345005210272
1196 1205 37.5402714919138
1188 1200 330.167413111806
1175 1201 37.4550356870562
1175 1202 36.0094014142757
1176 1220 246.644836024286
1339 1337 435.224607689496
1339 1351 70.3215913048918
1244 1225 412.301104687368
1244 1264 111.671794829642
1244 1358 374.504616915666
1351 1358 335.945111573403
1139 1268 40.29756547727
1268 1271 124.417789215409
1160 1249 35.5263930996265
1225 1243 63.154693235357
1147 1310 14.3752450441758
1147 1148 1218.83810593813
1148 1345 207.558239867854
1146 1344 648.161781140707
1146 1277 648.161781140707
1344 1277 648.161781140707
1344 1342 215.226009422954
1277 1265 220.509182883245
1277 1365 168.21272571146
1310 1305 12.3214184946999
1310 1311 200.307868938384
1345 1312 14.6186609585862
1345 1342 15.6613880832173
1164 1205 189.156904596044
1164 1229 23.0468141488847
1164 1230 44.9454637386439
1200 1263 379.790094665997
1217 1226 226.213293093251
1226 1261 214.337528546592
1212 1214 290.17209239802
1212 1247 231.21798270265
1212 1248 229.733912020115
1214 1223 302.559599729185
1156 1157 4481.63701504695
1157 1158 55.1183949420262
1171 1230 72.4314783763898
1171 1238 137.460458387625
1249 1250 98.2317260738944
1161 1162 4478.38586250889
1161 1163 50.4382281093283
1163 1193 2319.89916375284
1193 1197 406.70653643366
1193 1199 470.498126445924
1205 1204 35.0653093759795
1229 1235 12.0657761150813
1230 1237 11.6892865924934
1203 1278 41.899910984836
1203 1283 25.1307172569877
1174 1186 253.498832264818
1238 1186 187.733815907389
1238 1239 297.059453641631
1201 1202 16.4748765765207
1202 1206 8.43140654501316
1220 1224 49.0248555504719
1220 1278 26.0523456549683
1220 1260 29.5237040379883
1234 1294 66.0310626159929
1234 1300 42.1455112016925
1234 1302 232.445025126116
1253 1294 43.4020027572783
1253 1300 68.2718475902389
1254 1411 15.9931391092217
1254 1371 475.06966431438
1233 1335 159.730588188356
1233 1263 711.200498669913
1233 1336 515.329043923035
1219 1218 33.3846389267817
1219 1221 18.0880559617431
1245 1276 38.4810555145532
1246 1328 214.015066199777
1246 1329 176.259189558437
1273 1267 47.288085685074
1273 1276 30.9562965968264
1189 1258 121.13724706824
1190 1258 86.1076173424555
1190 1267 243.005246775068
1258 1280 217.668446612582
1267 1276 43.2085087328724
1267 1284 155.829388124841
1192 1194 700.884659067488
1194 1330 1156.74429919316
1197 1198 700.292378268847
1199 1340 1638.62076198429
1330 1251 24.8702607999334
1330 1331 63.4845903004443
1204 1208 8.69725182505214
1198 1247 121.042128646958
1247 1251 1044.08789345442
1263 1359 111.841611882655
1263 1360 240.383702806379
1206 1208 20.4349127036723
1206 1209 42.0303649099066
1278 1283 30.6896260036642
1283 1289 29.829640141627
1283 1290 68.6921214077264
1208 1209 45.1341974671716
1209 1224 117.5895439072
1224 1260 53.6138706399959
1248 1317 269.396798689745
1248 1320 715.814158303355
1248 1321 388.135056754331
1218 1228 427.291478632206
1223 1317 16.3141776956299
1223 1318 18.9950423156447
1216 1255 121.624552437938
1255 1256 42.3445473017732
1255 1257 26.5167078197546
1228 1266 19.8009566223614
1228 1305 35.0079546074748
1228 1306 243.550157942707
1221 1227 195.706558980931
1260 1240 17.9910194584123
1227 1265 43.4948674155713
1227 1266 213.754528737725
1323 1318 98.8523629337506
1323 1325 130.806938578157
1317 1322 19.024126365499
1318 1324 20.0024015404699
1243 1250 588.332053544697
1243 1264 357.53192364934
1261 1306 524.362821596435
1261 1319 258.651720750369
1266 1298 36.8051707702876
1305 1298 18.9244900204624
1305 1306 247.434133731259
1306 1365 107.172128566483
1306 1366 397.395882138072
1235 1237 13.7282554218394
1235 1240 369.430796281701
1237 1241 218.810579291492
1336 1513 251.826831018122
1336 1440 507.785207331248
1336 1514 44.6396489297509
1294 1293 79.6577499687742
1300 1312 219.908774453422
1302 1308 7.3337859808174
1302 1342 18.3854251414532
1240 1286 48.1432219393834
1240 1287 81.3664309571639
1241 1239 165.58077513161
1241 1297 73.9129871358087
1239 1315 181.336008171578
1239 1316 209.589175528961
1316 1328 137.744300240066
1316 1349 164.047410035935
1286 1289 11.9647821515358
1286 1292 15.0450295851414
1287 1292 55.021511601627
1287 1307 103.233481188035
1297 1307 168.162552207546
1297 1314 236.806788897739
1250 1291 55.3463183150891
1264 1363 344.482967779209
1358 1492 119.369333886531
1276 1285 214.544434012727
1328 1369 127.898357274821
1328 1329 157.786510504209
1328 1370 123.020012331859
1329 1386 67.6563606522103
1251 1338 26.2158639286025
1321 1326 98.0646957368194
1321 1459 914.11903539673
1321 1460 359.938197686726
1291 1262 63.5277712696412
1291 1301 196.556194148681
1338 1337 37.7165672040361
1338 1341 392.697639886768
1262 1296 80.8600189714756
1411 1309 43.9926572336366
1411 1412 300.136174612102
1371 1353 310.371853232689
1371 1437 270.290955421566
1256 1257 29.728696601896
1256 1269 6.58204605662558
1257 1270 5.91874380370836
1269 1271 73.0201727089413
1269 1272 19.1494399773799
1270 1275 13.1519675356734
1280 1313 45.1769980051555
1296 1332 211.458007569288
1296 1333 205.365567219347
1319 1367 374.128961408953
1319 1402 72.9859818501695
1359 1367 251.124882968994
1359 1368 243.177023799933
1360 1439 179.182578564464
1360 1440 291.80084924202
1363 1378 117.082761645149
1363 1389 167.663244521844
1298 1308 210.190546764726
1284 1303 205.527050524543
1284 1304 134.912058532647
1271 1272 76.5155768762701
1272 1281 14.1626869054256
1275 1279 6.244303628744
1281 1279 21.2620034364794
1281 1282 47.1986688793553
1279 1282 34.8688858371009
1285 1304 143.662767436782
1285 1343 95.7464665852993
1282 1288 1257.84313627581
1288 1621 148.813580113426
1289 1290 67.3294086135678
1290 1299 33.9972536700792
1303 1334 258.411789204208
1304 1346 102.833957833384
1343 1372 12.2260414843054
1343 1373 81.3407752018195
1292 1295 468.530674991485
1307 1327 129.623566167629
1621 1813 615.572795685019
1299 1309 653.68702908867
1301 1332 73.09404286605
1301 1350 183.335754825547
1295 1362 35.1143943032008
1295 1392 39.791655134528
1362 1327 62.6538020979276
1362 1361 24.5205356313774
1392 1390 18.2680517704833
1392 1393 69.4448104111313
1332 1376 20.9497023689801
1333 1388 233.312225029319
1333 1391 32.9247251222984
1314 1379 64.6960209710651
1314 1381 40.1287908506427
1308 1311 32.7410420932165
1312 1348 25.9703578254793
1350 1377 54.1721742457395
1350 1376 155.492898841573
1350 1378 62.7089668863526
1334 1406 94.8726757049438
1334 1422 14.4305923532347
1346 1372 128.677240048713
1346 1375 107.133091443228
1366 1455 71.4901980471825
1366 1491 658.80510564319
1327 1361 68.1333894781529
1311 1347 37.6681026790352
1347 1354 27.1023315239001
1347 1355 26.0814844847914
1348 1352 21.7966281141056
1348 1353 70.8594090380947
1379 1349 120.877291857156
1379 1385 88.1464439229898
1381 1361 36.4660233535483
1381 1390 9.75561835585251
1349 1380 82.3678200055632
1322 1324 1.2376842099619
1324 1326 428.401008578893
1367 1382 597.229160796991
1402 1429 82.0054060371092
1402 1430 343.680889714419
1326 1464 377.241274112871
1459 1522 74.2540024703862
1459 1523 88.1219393139707
1460 1595 10.6571196618483
1460 1603 96.4932635505847
1464 1608 74.0680888444167
1464 1603 9.93387430415124
1370 1386 163.937709763943
1370 1410 26.7267064879715
1386 1413 131.371472270377
1386 1417 95.9073064652789
1331 1337 5.53905485156845
1376 1383 135.831084226324
1376 1384 20.3466115040833
1388 1384 31.8095520059388
1388 1397 25.4333517689253
1391 1397 241.200825597563
1391 1406 36.2389202062796
1406 1395 334.23912688179
1406 1424 33.4827321296805
1422 1420 125.805892964967
1422 1424 105.93015364373
1422 1427 214.339208020614
1513 1515 279.153159646089
1513 1516 349.208939283589
1440 1541 173.019780606217
1440 1542 192.780012031809
1514 1549 316.542704416738
1514 1550 316.528559301072
1341 1477 155.031622021452
1341 1478 705.275437213461
1477 1530 176.85326806989
1477 1531 862.170069181108
1478 1536 29.6231221373128
1478 1537 628.84722798159
1372 1374 107.585978273088
1373 1399 55.2685538807557
1373 1403 26.5886638170402
1375 1374 129.046409929125
1375 1420 75.5477091513806
1375 1421 179.476440274164
1354 1352 17.5356834302664
1354 1355 21.4481055083319
1355 1364 390.253734071479
1352 1353 71.5931039626483
1380 1385 102.543580854229
1380 1410 197.854481788471
1378 1394 12.1775690640817
1364 1491 175.070278927503
1364 1496 249.752776066781
1492 1468 315.899835758324
1492 1553 540.257207268987
1368 1439 101.59355636619
1368 1467 243.89066021851
1439 1451 287.088097671404
1389 1434 52.986516263918
1389 1463 12.0596649744152
1491 1521 322.992876231039
1496 1557 240.760377434065
1496 1606 218.295028749797
1496 1607 390.772085064514
1455 1429 241.738290344605
1455 1498 147.943705057506
1382 1430 110.507682892645
1382 1575 156.127863702024
1467 1564 136.04981804354
1467 1565 201.45761725908
1410 1426 156.905085620054
1437 1519 49.1198278434806
1437 1520 42.7036815693618
1374 1403 17.327807228465
1374 1418 220.471475795592
1399 1398 245.048865485368
1399 1400 28.4038204156127
1399 1401 92.7568323122244
1403 1416 63.0377199918846
1418 1484 85.4262314405653
1418 1435 25.8830541823655
1418 1493 60.0254056104293
1420 1425 134.226015479426
1421 1481 34.644567865533
1421 1484 33.8601006209416
1421 1485 118.615056535536
1384 1387 72.4921288080812
1394 1387 61.2323910576314
1394 1395 92.3383136756365
1385 1423 124.483611096919
1390 1393 78.392669677386
1430 1456 244.709199575052
1575 1565 38.1857293440483
1575 1627 80.3026685378037
1387 1396 11.5506623500707
1423 1428 127.63470365062
1423 1472 244.891134537937
1413 1408 139.613342982817
1413 1414 268.624937269749
1413 1415 107.889610087588
1417 1449 134.581385717333
1417 1450 121.520815408356
1396 1395 68.6210059879991
1396 1397 73.6284939935535
1434 1431 42.4557428297877
1463 1468 116.595196635609
1393 1428 74.1891995466826
1428 1457 131.114091492488
1428 1458 307.899359296729
1395 1431 93.9131394390801
1395 1432 37.3132231950003
1432 1442 255.438014951733
1432 1443 22.3968090058074
1400 1404 63.4907297915184
1400 1405 92.8736251969735
1401 1416 35.0712906227775
1401 1405 34.7149789099892
1401 1436 166.241147886261
1404 1407 273.291249363303
1404 1408 97.5108808591027
1404 1409 96.418292556593
1405 1409 44.9313113308487
1405 1438 131.962693877171
1416 1435 164.489258120416
1436 1435 22.1965956304464
1436 1438 40.1488513810153
1436 1475 62.5576030618452
1429 1456 310.588544350419
1408 1419 96.4955176698007
1409 1419 59.5088786445119
1409 1441 107.64122160491
1438 1441 51.532322823496
1424 1433 102.492365917847
1419 1415 190.807006441596
1419 1446 87.5757411445676
1441 1446 49.7267628041706
1441 1475 73.0398370617247
1426 1472 30.1587532648912
1426 1474 72.209190886376
1412 1469 94.3705357262377
1412 1504 8.09100152686907
1469 1457 664.60986749963
1504 1505 312.140697401418
1504 1506 330.641674666346
1415 1449 21.823011221289
1449 1471 64.102204355436
1435 1495 199.891340356904
1450 1474 115.281912422869
1450 1487 158.034497090046
1484 1489 153.869482214644
1484 1490 44.4245460491985
1493 1511 34.0263842041491
1493 1512 146.378821682982
1446 1471 207.948970325681
1481 1479 24.4531150395176
1481 1483 145.780526779964
1485 1497 33.0775826806934
1485 1534 22.2514232954018
1485 1535 117.841765652748
1427 1479 25.0985457841331
1427 1480 53.4126482318345
1472 1476 170.195144507779
1433 1444 33.0354509849488
1433 1445 175.239634877115
1474 1488 308.093864204358
1479 1482 178.496914006872
1480 1445 223.615026191705
1480 1486 117.538198119263
1458 1476 279.31517037861
1458 1569 276.766983662725
1456 1572 172.762537719834
1443 1452 102.819386893469
1443 1453 112.386596394293
1443 1454 52.0826605656733
1444 1447 35.9040416041792
1444 1448 172.882681040406
1445 1448 31.033582776758
1495 1560 29.3142214833227
1495 1584 44.3396356723201
1495 1585 266.732287986846
1475 1499 23.3427614282774
1475 1500 88.5990083809215
1519 1547 20.5627006592485
1519 1520 24.1766493651988
1520 1556 18.0291026805302
1520 1557 89.3101276837486
1451 1541 119.776562027071
1451 1570 58.5060430634871
1541 1566 56.2096143108129
1542 1580 254.134286162818
1542 1612 162.824796952435
1454 1465 84.5524156043747
1454 1468 278.712740754441
1454 1473 178.168745135961
1447 1461 30.2934428054488
1447 1462 172.265667585365
1448 1462 38.4086092956346
1448 1501 195.524762305805
1471 1487 74.7246655382178
1461 1465 31.307840434136
1461 1466 171.782990740976
1462 1466 32.0115775384504
1462 1507 194.290736833669
1501 1559 134.254570351007
1501 1507 35.1400484578747
1487 1502 243.678991543993
1570 1566 112.371512074876
1570 1596 168.974371483806
1465 1470 171.225379089018
1473 1470 37.1133240111432
1473 1524 86.9403386413901
1473 1525 191.494512683543
1498 1571 254.611471082443
1498 1572 100.9865599749
1572 1613 46.9875284768363
1476 1543 170.373479457033
1569 1631 22.7246638609865
1569 1682 103.418346862381
1523 1551 32.7289895681189
1523 1568 222.238734633462
1595 1568 47.0662741332001
1603 1615 28.1628321634917
1603 1616 742.154891477775
1466 1470 35.6164923051941
1466 1510 193.003720954965
1507 1510 31.8681763536755
1470 1517 191.240118252903
1510 1517 38.6597508033757
1564 1596 14.0226906226441
1564 1565 147.858128486999
1517 1525 54.4410778886607
1524 1545 311.077142315296
1524 1546 176.734045809773
1525 1601 61.9047345823571
1488 1508 95.7666874847828
1488 1543 176.968529533008
1488 1544 74.5717759547041
1499 1502 21.554359598077
1499 1500 93.8484709811031
1500 1560 87.364349875277
1543 1561 109.516575747969
1530 1537 152.492973818463
1530 1614 207.958857523637
1531 1723 551.767738412431
1531 1804 16.5082936212072
1536 1551 169.11399148532
1536 1552 253.374489754575
1537 1618 82.0066608549801
1482 1483 35.4137489581758
1482 1533 60.2184750889093
1486 1532 94.7485661401048
1486 1533 100.982994821666
1483 1534 23.9636280346201
1533 1540 80.6209281291883
1533 1577 114.000475315314
1534 1540 102.732904153773
1490 1497 56.5073047146205
1497 1511 32.4327803918452
1497 1526 127.172488096077
1535 1526 26.7254570778972
1535 1540 31.1305225786186
1535 1582 124.926478751773
1532 1558 58.5743488518031
1532 1559 77.1492184515156
1502 1503 35.1716175792686
1508 1503 106.329287578529
1508 1529 137.52119195617
1544 1573 108.953145395174
1544 1561 215.426113243405
1544 1574 56.194075893245
1521 1571 130.000249965338
1521 1576 376.050147401728
1553 1610 22.7580178334929
1553 1705 29.5828361265704
1511 1518 135.784764660803
1512 1518 39.0802531557051
1512 1584 14.445898349265
1560 1587 69.8275171928896
1584 1588 122.158102797121
1585 1604 102.498401362929
1585 1686 87.9136963438147
1557 1556 92.8632240800467
1606 1670 191.881815080794
1606 1607 308.023306508853
1606 1692 304.155214188671
1607 1725 80.526978993073
1526 1518 24.3978183640593
1526 1583 123.91230613028
1571 1605 328.897299703551
1559 1577 41.5891881196004
1503 1509 160.137126162428
1509 1529 27.9639585261252
1509 1589 15.9658160456165
1505 1547 80.0687823628443
1505 1548 68.8120759527097
1547 1548 20.8408709190156
1548 1562 14.1694092891084
1529 1573 23.6170093299436
1589 1587 58.0587708704948
1589 1591 49.1070882035707
1518 1586 123.004251097109
1515 1527 245.120705014407
1515 1528 317.812645558238
1516 1528 298.857724401509
1516 1550 225.865326030787
1549 1612 210.400219382186
1549 1676 513.487882401331
1550 1681 216.952099570756
1527 1538 142.856334010488
1527 1539 285.884186819237
1528 1539 202.725718959398
1528 1669 170.215102360248
1586 1583 24.5202747712226
1586 1588 64.6189424941506
1556 1562 37.6916229684609
1576 1605 193.159552834387
1576 1725 188.787644498864
1551 1567 339.47567464013
1546 1609 156.544879332324
1546 1610 269.17549948419
1601 1577 324.710745059269
1601 1629 11.6342414364035
1601 1630 51.2973988850983
1583 1582 27.926756095063
1583 1635 52.8473969622807
1538 1554 484.667133939958
1538 1555 140.012152547485
1539 1602 264.351309969938
1669 1681 453.289617929399
1669 1729 81.8967381143486
1573 1574 117.991339888104
1614 1618 300.155588366951
1614 1651 59.3707564416941
1723 1705 72.8642176840824
1723 1734 115.46015064129
1804 1792 143.678734798836
1804 1809 314.379294439811
1540 1581 26.3573131560796
1582 1620 30.0864367993853
1582 1632 228.930993366366
1552 1659 96.5722195775201
1552 1660 636.790582598844
1618 1655 166.339907420921
1555 1578 45.8100523009727
1555 1602 152.286089114486
1602 1661 775.616275854186
1602 1662 264.078696247988
1581 1597 76.0522676341783
1581 1598 50.9648934128605
1566 1580 98.3582771754753
1580 1624 224.734010428278
1612 1673 55.1321491698633
1561 1592 45.3658658150743
1561 1593 119.331971897788
1561 1594 349.105486235862
1574 1592 187.892439656118
1574 1600 67.5275794040763
1610 1657 23.7058843361153
1562 1563 295.958800209532
1676 1797 148.491487883221
1676 1849 260.538982403948
1681 1745 546.269082646996
1567 1659 196.922383863364
1567 1697 136.654844473654
1659 1687 311.4086648627
1660 1655 61.4882561869185
1660 1713 17.2539203299109
1705 1657 50.8512131618413
1705 1724 250.50700716438
1578 1579 128.620115343178
1587 1590 31.7183953054748
1592 1611 57.2884634872071
1593 1594 221.709651011688
1593 1631 279.694203706667
1594 1631 79.7329706274024
1563 1670 237.51177136798
1563 1671 489.825879550296
1670 1671 396.896125034462
1671 1834 405.840353304054
1596 1617 321.000709914017
1697 1668 111.697714375187
1697 1704 45.9375047220858
1682 1677 278.364719651161
1682 1698 239.911300701585
1605 1693 343.735877566371
1605 1733 444.154652618673
1613 1626 510.263476045778
1600 1611 167.010808549943
1600 1625 54.1755480429395
1627 1626 506.38716299644
1627 1672 199.337375818488
1725 1747 181.502303301532
1624 1673 320.227016137656
1624 1707 35.534593292283
1597 1599 52.1089261848892
1598 1599 78.1091788200216
1598 1620 51.1088697825435
1620 1619 79.0500107438948
1620 1636 52.9906562871127
1632 1665 47.5907206045281
1632 1728 118.868616569937
1635 1638 91.5160941244065
1635 1663 53.183607689659
1588 1637 23.8556288918265
1588 1638 53.2438740845886
1604 1590 125.11494232711
1604 1591 92.9252171849694
1604 1625 214.799806776685
1686 1667 138.665890662915
1686 1702 52.68334887828
1590 1591 31.3314018057888
1637 1639 76.638472256779
1637 1640 345.37021227217
1638 1666 53.2569797478849
1611 1628 83.1247280634726
1617 1719 76.7882415877988
1617 1672 153.595786286078
1599 1619 55.4160825824273
1619 1641 44.6415260992537
1625 1656 36.6684625523086
1629 1633 59.1673353599959
1629 1634 231.108423035476
1630 1657 315.528622535778
1630 1658 310.810850893835
1615 1622 134.256988925763
1615 1623 190.817611290087
1616 1678 219.838401217477
1616 1679 555.829679621525
1616 1680 328.897085818075
1693 1626 102.984100086326
1693 1730 95.0642209074443
1733 1806 98.2709783199065
1733 1897 45.5397572061156
1692 1805 423.890896446825
1692 1814 356.819330424712
1628 1656 158.58133364466
1628 1677 57.0656276691934
1673 1690 163.566516055305
1651 1674 105.124318098537
1651 1675 319.104178611804
1622 1652 67.8639576432079
1622 1653 135.719900385222
1622 1654 203.995580056298
1680 1799 235.040920455018
1680 1800 130.005875139752
1719 1707 190.872131387734
1719 1732 236.11957558345
1672 1743 348.09556780572
1672 1744 231.958621221923
1655 1694 53.213204689718
1655 1706 212.900979664029
1641 1642 34.7201859002424
1641 1643 180.609217517724
1636 1664 85.6987569330332
1636 1665 167.118592756328
1653 1668 30.3326124535947
1707 1720 80.3984918759811
1656 1667 109.532475485479
1677 1691 47.379890568092
1633 1648 68.0051882371336
1633 1634 181.138431007216
1634 1708 11.0504784991238
1658 1762 44.4457066028003
1658 1763 57.1946236290542
1658 1764 245.339159526947
1665 1703 68.3033235022371
1728 1777 32.4978565585075
1728 1731 30.5697009039136
1728 1782 95.007821528278
1648 1646 41.327968853283
1648 1650 185.513044585136
1708 1709 26.7017375729379
1708 1710 140.25792225762
1663 1666 94.2990476594081
1663 1685 128.515775335328
1640 1754 77.2438027129955
1640 1778 8.06352639869706
1666 1685 238.363922088686
1754 1740 44.0673869933806
1754 1752 59.8856417401037
1778 1731 121.125874383916
1778 1785 44.3235123328767
1642 1644 68.675544487334
1642 1645 174.021369262664
1643 1645 40.1710524899569
1643 1703 36.2766676355111
1644 1646 66.6356699752344
1644 1647 189.931405677176
1645 1700 19.6803114267418
1703 1714 148.539301552998
1646 1649 187.406717829173
1647 1649 66.6588191506686
1647 1700 69.8126852337205
1647 1715 140.701689635466
1700 1716 141.333073330856
1649 1650 34.9106027195711
1649 1712 141.310062202958
1715 1712 64.1097887645284
1715 1716 69.7988461193869
1715 1773 88.9634046767361
1650 1709 28.238796963257
1712 1711 62.0443970188724
1712 1770 90.8548498261175
1709 1711 140.306556475697
1674 1683 43.0420284856154
1674 1684 291.594155664199
1675 1684 75.3631890432674
1675 1792 89.8996203479674
1694 1688 89.1800267289329
1694 1699 163.104554003081
1706 1721 132.829286684927
1706 1775 64.4100257076519
1706 1795 153.037222363638
1667 1696 74.2199605596375
1762 1765 218.6170499311
1762 1766 47.0372468279675
1762 1767 131.63589458913
1763 1710 31.3337259316377
1763 1769 232.18639195259
1764 1769 25.7031978841283
1764 1791 33.4399958623226
1687 1788 34.7411794707365
1687 1807 187.151901071856
1687 1718 443.543882289506
1713 1721 72.4353498425059
1713 1722 245.222169741901
1685 1731 113.938222672338
1696 1691 196.451510280163
1696 1702 116.840491347501
1696 1726 86.6352493132878
1834 1814 161.055039950582
1834 1934 619.966699490861
1743 1730 127.498039122886
1743 1756 155.040933181467
1743 1757 241.423033322068
1744 1831 89.772710012155
1744 1833 136.786061276797
1690 1720 321.98023658252
1690 1749 122.845796069793
1683 1688 38.5767135090153
1683 1689 274.392876429806
1684 1689 41.7823634701701
1792 1828 158.089317340725
1797 1749 161.289068868705
1797 1798 162.006766868332
1797 1847 289.688382326013
1849 1847 180.575326005116
1849 1930 186.430277424799
1691 1701 84.1018620042623
1799 1829 392.480797725469
1799 1830 956.578422645549
1698 1742 29.7038897365837
1698 1786 188.121439558972
1688 1695 199.603643896389
1689 1772 37.9834165465878
1731 1783 95.2233691249058
1702 1727 69.45547480269
1788 1761 89.3067545438819
1788 1787 79.8325093749769
1807 1859 102.916848340455
1807 1860 61.0873640927523
1718 1704 445.043847578354
1718 1865 87.9463502592428
1718 1846 294.614755620304
1695 1699 88.775084984376
1695 1772 57.9250072705031
1772 1775 95.3950804588521
1720 1751 296.103372973643
1749 1798 345.934991356837
1701 1741 94.4041530088387
1701 1742 140.685366041249
1805 1747 164.069469378036
1805 1840 157.84026771802
1814 1840 184.494113612082
1730 1756 82.2978311085619
1699 1775 56.6121541689415
1726 1741 80.0797467251588
1726 1750 104.813887457447
1704 1717 281.803249512184
1742 1741 283.573714994681
1786 1836 63.901480673782
1786 1837 598.855203658824
1716 1714 58.104317906994
1716 1774 90.934389710032
1727 1746 130.938426521774
1727 1750 21.6488506909148
1714 1777 94.2923032919562
1717 1735 272.786626232382
1717 1736 310.865913081039
1724 1766 93.8289583154257
1724 1780 193.559118878943
1724 1791 252.105395779241
1721 1748 173.057222940071
1795 1828 160.104946853617
1795 1843 34.3419508734834
1710 1711 27.8338854286847
1770 1773 63.4666523729353
1770 1810 148.828761461675
1722 1748 67.4654761474081
1722 1761 97.8836707643761
1777 1781 167.588398717294
1773 1774 66.6579041197727
1774 1782 186.799054519388
1774 1812 164.580828093076
1736 1845 445.326676343626
1736 1846 192.010819743186
1865 1868 187.471940759427
1865 1902 62.2337159366563
1846 1894 540.162149825697
1732 1826 75.2820148818574
1732 1827 214.697330455901
1751 1798 121.236294117495
1751 1851 90.0261329306535
1748 1768 172.664528226133
1761 1787 37.5769637406333
1734 1779 66.3550952508939
1734 1780 133.938289766148
1766 1771 192.416142283068
1780 1801 55.7079396381968
1780 1808 133.485252600601
1791 1850 54.7390121005053
1791 1844 97.5366129855776
1747 1806 245.896939721164
1750 1755 15.9076628989942
1746 1739 14.8630769342833
1746 1752 37.1688475537223
1782 1783 29.5564690292539
1782 1815 168.118054716237
1756 1757 116.675746055976
1783 1811 125.834994704107
1783 1817 90.0373804673591
1826 1831 52.1064191167211
1826 1832 77.4996734995564
1827 1851 197.528113233943
1827 1876 238.192588849781
1806 1861 171.632931686572
1897 1904 14.7332255162778
1897 1905 151.506258033367
1779 1801 42.3160378722434
1779 1802 75.0969845738773
1845 1893 222.451384980808
1845 1894 270.066845686146
1737 1738 47.9956007454928
1737 1739 18.2968290912843
1737 1740 82.5946862859177
1739 1740 55.0429685035783
1740 1753 44.6445065909066
1757 1838 158.780366370225
1757 1839 324.180229772614
1831 1832 128.70999544035
1833 1832 217.934281114102
1833 1867 5.96433015085129
1752 1760 26.432851350806
1768 1787 11.2432231451788
1768 1796 372.179102651126
1755 1758 22.0829266961072
1755 1759 293.647084695727
1851 1892 215.399700349099
1760 1758 133.680132515139
1760 1784 111.582491732052
1758 1776 50.1632419738027
1759 1816 107.350400756882
1759 1852 41.2479176715313
1838 1875 263.358110320437
1838 1895 135.669447908002
1839 1905 85.6400623921819
1839 1920 240.154600020046
1776 1789 95.3632397716148
1776 1790 54.3398949092957
1816 1790 142.153486076752
1816 1819 95.9835361797914
1852 1836 162.931305428065
1852 1854 205.291716224271
1852 1863 12.3336813882702
1852 1853 144.052426647298
1769 1810 69.0334066217822
1796 1843 151.507723753217
1796 1884 121.417891957287
1810 1812 169.39506671294
1810 1844 124.097994456812
1812 1855 52.2389961057462
1789 1785 177.806852379348
1789 1793 18.3048129904081
1790 1803 93.596909422036
1785 1794 28.7847570628744
1801 1802 43.0568503189857
1802 1808 65.1480165753918
1808 1841 93.705571793069
1808 1842 97.9678554960805
1815 1855 148.956244202867
1815 1862 29.5768029404462
1811 1794 29.726145950896
1811 1822 41.4032544983595
1811 1825 146.408491266918
1794 1793 179.078286865265
1836 1853 141.688709162381
1837 1931 16.146030324572
1793 1803 35.4113757677008
1803 1818 49.9398900041887
1803 1819 139.960223559615
1850 1841 354.589976321507
1850 1856 219.215960353472
1844 1887 137.279416459042
1828 1835 320.414150173906
1843 1848 178.732736133034
1884 1912 58.4901775004114
1884 1890 150.4432757713
1847 1892 234.941669050755
1847 1935 42.8572593134891
1829 1937 32.9739994470972
1830 1984 352.450809903931
1830 1985 154.832951764476
1830 1986 285.319642811982
1830 1987 327.659593811654
1818 1820 43.2954535617855
1818 1821 141.599151985983
1819 1821 47.8302017542894
1819 1854 31.9394610375523
1809 1885 307.396041569356
1809 1908 79.2806726126099
1840 1866 430.786935308494
1861 1904 150.459970506404
1861 1914 256.361206725804
1859 1868 137.533855454238
1859 1869 51.3687989768141
1860 1869 96.388136247679
1860 1890 146.833239571402
1841 1842 30.1761690479476
1842 1864 19.9639212235428
1885 1879 10.0893224039168
1885 1886 352.537698408409
1908 1835 244.320492376932
1908 1915 297.157463615954
1822 1820 45.7908466719365
1822 1824 144.733299165372
1825 1824 46.1425242851497
1825 1858 30.8764461184502
1855 1857 83.6463504233462
1862 1870 121.788339247328
1862 1880 185.989553200759
1820 1823 143.078109842096
1821 1823 44.8707758935281
1854 1858 189.656795544071
1823 1824 49.2270579511904
1858 1870 39.0326374132621
1858 1871 30.0576235155363
1876 1867 88.554218594081
1876 1909 66.6408902396996
1835 1933 128.206073439282
1937 2017 347.818951885788
1986 2042 49.89421037889
1986 2043 47.0261532008292
1987 2043 302.481957332666
1987 2107 159.01467108668
1867 1875 182.372455447254
1934 1866 363.218007823209
1934 2087 73.2694415748735
1933 1913 61.2267222508702
1933 1938 200.463972304596
1853 1903 41.8003647396878
1931 2136 1003.90197231061
1875 1888 157.439940877875
1895 1926 174.308683023652
1895 1927 108.323506808067
1905 1932 241.807920967745
1920 1927 16.8132492217506
1920 1957 24.8687872435869
1866 1914 186.919888938996
1864 1877 10.2996544317033
1864 1878 308.213755431785
1848 1912 237.32054485423
1848 1913 159.40451007836
1887 1917 123.794851309998
1887 1918 170.054213126338
1893 1906 101.0364146395
1893 1907 424.832992445752
1894 1960 150.156012107633
1892 1940 134.735962989365
1935 1945 78.1693475567109
1935 1946 151.325740771727
1912 1921 195.995688872676
1913 1921 245.859475972386
1930 1968 399.25737721513
1930 1982 108.304436015215
1856 1923 225.859567948672
1856 1924 355.477761363065
1863 1873 119.626084161095
1863 1874 187.517937465973
1903 1874 90.8745876431371
1903 1916 171.693485098866
1923 1941 132.638690833679
1923 1942 86.2637082395353
1923 1943 80.1174849169796
1924 2013 117.307659886689
1924 2014 213.835119077817
1870 1872 198.923566783597
1871 1881 170.005558316266
1871 1889 36.566310749291
1868 1891 62.4186449868338
1869 1891 144.12615831354
1869 1896 155.672262654683
1890 1896 71.4071136064047
1904 1911 407.115735265311
1914 1980 293.802923034668
1880 1872 129.299597987116
1880 1918 263.500059395507
1873 1881 105.124774218701
1873 1882 226.306610091725
1874 1925 81.4902983202497
1877 1879 82.2028108615329
1878 1953 58.5799292770098
1878 1962 201.47468339089
1902 1891 188.205869091935
1902 1919 190.762871278172
1891 1910 184.389893943158
1896 1929 54.1255011309883
1872 1899 29.0764362181017
1881 1883 48.654885889458
1889 1898 54.593913630873
1889 1899 136.081410388851
1899 1901 57.9203919746036
1882 1901 253.265163343829
1882 1925 108.234713612633
1925 1939 189.783082204757
1888 1909 156.713747897849
1888 1926 122.95920689515
1909 1922 156.599620227537
1953 1942 9.69909070055489
1953 1954 45.6596880877805
1962 2009 67.3559628140696
1962 2028 93.3294043087735
1918 1944 398.282688252531
1883 1898 111.442549674779
1883 1900 44.3230071704487
1901 1898 135.970566690054
1886 1976 394.368221722991
1886 1977 315.681104215447
1976 2077 32.7775728823482
1976 1977 282.38252675393
1977 2096 683.947980611291
1926 1928 250.054854919101
1910 1929 117.074674683252
1910 1947 71.0394568377968
1940 1922 331.726592853491
1940 1950 225.832075479802
1907 1960 151.662689785989
1907 2017 268.481106180235
1960 1999 21.0130638497396
1927 1951 20.1156378779309
1929 1936 219.114792513106
1919 1947 116.038319159819
1919 1965 19.8537847576075
1916 1955 144.789591367142
1916 1956 346.463953652209
1911 1932 216.946043261691
1911 2016 52.3501897953652
1932 1983 41.6827947662865
2017 2067 65.0871395811359
1915 1997 261.414603384264
1915 1998 204.736910005773
1922 1964 250.485828166378
1947 1958 206.011495954503
2016 2038 288.034915744195
2016 2040 209.044027385889
1921 1975 50.7879405643801
1980 2086 74.9401652338652
1980 2087 260.874982361045
1980 2088 374.688792481306
1997 1938 102.904580275714
1997 2001 266.770346255645
1998 2074 36.0139158366665
1998 2075 38.0173721392501
1955 1991 58.1029857508012
1955 1992 217.814988497516
1956 2062 307.478699253072
1956 2063 31.6627357580404
1944 2031 68.4945657287105
1944 2051 66.0198312471112
1944 2052 259.937737194417
1965 1969 194.479627858173
1965 1970 222.056306569509
1957 1959 6.22647689109933
1957 1963 167.798757823867
1975 1936 201.800920357882
1975 1981 119.562325492383
1964 1950 370.349208563843
1964 2050 69.3486327407837
1942 1952 170.937710786805
1943 1971 45.721217305496
1943 1972 43.3468345028611
2013 2020 52.5669381870028
2013 2021 46.7935789249934
2014 2089 105.091154334874
2014 2098 136.657584810581
2014 2099 245.517867490907
1939 1991 124.385847894684
1939 1993 123.902966349797
1928 1951 242.961116024679
1928 2003 207.389222169379
1951 1959 15.6609507913928
2003 1961 10.8269580136454
2003 2050 23.3500918556775
1936 2002 145.966833538944
1968 1966 69.0638972867374
1982 1946 54.0775704963468
1982 1988 492.659430227595
2136 2137 213.032556020064
2136 2138 292.957201279523
1983 1963 95.8259876268308
1983 1996 142.455392961795
1938 1981 345.349435964693
2087 2088 267.128044027275
1945 1948 25.3365168249083
1945 1949 143.707698440573
1946 1994 45.272042704811
1946 1995 225.870044485977
2002 1958 36.2530288831541
2002 2012 72.4568878614845
1981 2012 328.081114901152
1981 2015 228.226459748538
1991 2004 181.444394477999
1993 2029 47.8803740329044
1993 2030 46.0161206627317
1950 1995 145.152810859012
1971 1954 47.6632346164166
1971 1973 125.196712268534
2031 2029 269.261719158134
2031 2041 272.881616329764
2051 2056 264.968441372895
2051 2057 252.434041434344
2052 2041 63.0608862559329
2052 2057 63.0608373586108
1994 2006 171.671611769542
1994 2007 427.818094502859
1995 2010 54.6814975844794
1958 1970 143.711780188564
1959 1961 444.048919956246
1954 1974 125.74683851305
1974 1973 46.6165648112426
1974 2009 51.3773433844607
1992 2063 269.174431235635
1992 2070 7.60542316222958
2063 2073 172.787156523172
1963 2011 139.687191984333
1970 1979 208.396672518979
1961 2053 7.81212643175412
1999 1989 140.251440579171
1999 2005 435.09706771
2053 2060 20.0732917606693
2053 2061 276.255434196821
2009 2022 70.0350490242002
2009 2027 45.0283800307793
2028 2027 120.315071014277
2028 2069 117.312715641281
2011 1996 91.7178944419982
2011 2061 25.3445935825033
2050 2055 4.12330357787829
1969 1978 231.509978554599
1969 1979 279.571741258241
1966 1967 1198.10151208082
1978 1989 125.431039028539
1978 1990 97.1275708525649
1979 2019 92.4860626027686
1973 2008 28.060327742605
2077 2091 31.5988917541995
2077 2092 35.7949668822437
2096 2116 153.234221234817
2096 2225 47.5406392304954
1989 2000 103.241063823526
1990 2000 122.573212348656
1990 2018 112.365173233816
1990 2019 355.936825369802
2019 2064 108.296407640027
2088 2171 222.866910705989
2012 2044 230.891742401354
2015 2104 318.01559621471
2015 2109 46.4347948675118
1988 2150 194.074242605749
1988 2148 69.6117392997533
1996 2038 13.3959198630803
2042 2043 54.5965234736649
2042 2054 288.968732244745
2043 2066 165.291480348869
2107 2124 43.4002901650811
2148 2007 13.5027062036292
2148 2151 514.555001213822
2148 2152 292.714197495054
2000 2036 52.1023754461898
2000 2018 226.766427728543
2018 2064 138.503351880608
2004 2070 102.209193794335
2004 2071 264.517437708293
2070 2076 144.96291303707
2029 2030 48.8795843280726
2030 2049 179.007643252172
2007 2149 431.671828238893
2010 2032 35.4250684930625
2010 2037 76.9133687520314
2038 2039 94.8989252874529
2001 2093 251.00409328195
2001 2104 130.582758620805
2074 2091 9.16347125227142
2074 2075 18.8735840393669
2075 2093 14.541508829944
2005 2118 55.7442172700121
2005 2131 217.193808940164
2093 2097 31.8677546042974
2104 2105 154.168245794598
2071 2049 74.1649608106576
2071 2120 171.376074402461
2118 2110 152.279946134326
2118 2128 274.301886916161
2131 2085 388.704164234315
2131 2162 60.6495880991439
2131 2163 379.83114082162
2022 2023 45.5366558748055
2022 2024 47.3435371009344
2027 2024 71.9529708412832
2032 2033 33.4863408278759
2032 2034 77.3030709268993
2037 2034 34.3600397948849
2037 2068 213.47280811088
2061 2072 452.868176094496
2044 2109 289.718931988239
2044 2125 261.947417849287
2020 2023 45.5262827248141
2020 2026 45.2723238651983
2021 2026 54.8941704095817
2021 2047 80.6028192276911
2089 2056 85.2408109423333
2089 2095 250.785820583153
2098 2078 35.0041255094418
2098 2117 199.936516898659
2099 2095 100.014762972452
2099 2117 135.480312195126
2109 2122 84.0732886202953
2040 2039 213.270201848682
2040 2094 502.226015523709
2067 2084 366.335775575039
2067 2085 368.129329622075
2064 2110 40.3227041003181
2023 2025 46.3138790927285
2026 2025 46.5760058575406
2026 2045 83.3729660634514
2047 2045 51.5105940961027
2047 2078 88.7294878247422
2024 2025 43.4718056102238
2024 2048 83.5014600583126
2025 2046 83.8242155643158
2048 2046 44.6286220888867
2048 2082 41.6452606544347
2048 2083 80.3698699256291
2046 2045 48.4695049096558
2046 2081 80.0361260940222
2045 2079 81.655028016677
2069 2083 163.970969599402
2069 2114 502.252641920205
2049 2108 188.900706145726
2041 2108 124.329600630118
2033 2035 77.7348589882181
2034 2035 33.8070904821446
2068 2129 305.452295991907
2068 2130 108.36745532793
2039 2080 519.056359740656
2080 2072 250.085018162413
2080 2205 50.7811136542608
2108 2120 91.118863374205
2108 2147 170.233678864933
2054 2066 493.645067981523
2066 2121 75.4827209126193
2125 2141 222.638096492863
2125 2176 378.709129750573
2079 2078 52.3315933145756
2079 2081 48.7345356763366
2079 2113 146.844347688936
2081 2083 44.4067714663213
2081 2111 146.062116544298
2083 2112 148.433199823523
2055 2058 9.1132908091388
2055 2059 173.005049114334
2056 2090 203.066542577699
2057 2090 226.74521394782
2057 2135 382.57114468402
2060 2058 9.94733158222181
2060 2065 154.8799677876
2059 2065 35.5662722204431
2059 2100 477.165117890617
2059 2101 201.483395670422
2090 2135 179.01539585344
2135 2175 182.622356639329
2065 2103 343.587662861905
2072 2172 46.3086630838184
2072 2183 256.606386026998
2073 2076 303.92378735684
2073 2126 351.954693058497
2073 2127 194.289614893508
2110 2119 377.418335167185
2103 2154 160.484538819962
2103 2155 586.857450239466
2121 2132 196.487939212826
2121 2133 46.1424767318101
2121 2134 313.770892679491
2084 2139 187.152733802787
2084 2140 259.731924859962
2085 2140 355.781625189003
2085 2163 130.413937639666
2114 2166 256.087448631331
2114 2214 199.156208458287
2076 2123 198.694032941083
2120 2123 321.148137688552
2120 2153 138.150661937919
2172 2167 109.214646356909
2172 2177 111.626876263982
2183 2199 46.023798000525
2183 2235 447.371945442627
2127 2145 674.738716579456
2127 2164 353.376697793372
2091 2092 24.440127931991
2092 2102 21.9686999372099
2205 2208 318.051413182381
2205 2209 342.110400675378
2139 2124 202.166124128354
2139 2159 492.564532066637
2140 2191 409.551134412313
2163 2195 128.377507298034
2163 2196 770.508248653073
2171 2211 260.107175463041
2171 2212 220.86978562808
2095 2156 230.482913478002
2102 2097 20.5293934738054
2102 2106 27.628429139977
2097 2106 21.3631711005063
2156 2165 235.008530034562
2156 2198 59.8443005617803
2116 2106 500.980543727176
2116 2217 298.352017270446
2116 2218 27.7306442248348
2225 2218 150.575722735012
2225 2248 106.210041303416
2106 2115 420.143666342753
2117 2158 47.7341149466199
2154 2160 111.925274364278
2154 2161 185.848631056125
2155 2152 141.977593058074
2155 2226 68.1238959042877
2105 2122 330.65136565262
2105 2142 106.044499307653
2105 2143 205.634513978269
2122 2141 195.397459556767
2143 2115 146.059246101738
2143 2141 323.444822896216
2115 2184 210.319534647647
2147 2153 153.201790470507
2147 2174 95.6540926825365
2119 2128 155.529196724465
2119 2193 151.663333298119
2119 2194 298.98103950036
2166 2158 419.317980589702
2166 2201 70.6732453875597
2214 2263 27.3038481148699
2214 2264 43.0542970042823
2184 2182 327.544119795369
2184 2217 98.5072297544278
2184 2220 52.2987331865567
2217 2221 57.9777255414668
2217 2218 293.310991829272
2158 2165 178.563623943927
2128 2169 85.2141295871773
2193 2200 378.227152472027
2193 2194 140.890541870926
2194 2233 123.930831685156
2194 2234 277.916463942142
2153 2181 115.657191774966
2133 2146 43.2647343494936
2141 2182 197.879926449862
2176 2200 294.015006484455
2176 2257 50.3276634921692
2145 2137 291.537073277838
2145 2157 446.658812179935
2164 2242 592.550233271367
2164 2243 289.172488254024
2169 2162 123.063382626788
2169 2178 305.995084878114
2162 2170 323.90436829453
2146 2179 133.778078214799
2175 2198 67.5879415328636
2175 2192 224.922173124622
2175 2215 161.101297314422
2137 2144 520.62462675986
2137 2138 267.956522466322
2138 2157 523.194460615782
2157 2238 325.601216167555
2159 2179 137.31397359848
2159 2207 151.021625659579
2191 2207 234.775631542209
2191 2196 186.902933409949
2182 2224 260.237608126613
2179 2180 357.101835197229
2174 2181 195.450164560946
2174 2192 154.572565785175
2152 2210 199.335420649292
2210 2226 207.12702598693
2210 2236 117.743397304435
2181 2203 197.282395689959
2160 2167 118.495941413539
2160 2168 114.889945163861
2161 2185 111.96563745821
2161 2197 198.097311389709
2226 2239 121.91047792895
2165 2201 169.790874456081
2165 2202 231.092430749664
2198 2213 170.613200138149
2238 2321 425.938246602023
2238 2328 42.8750229707891
2207 2237 206.870369411969
2167 2173 108.668616333768
2168 2173 113.721538756528
2168 2185 67.3184965680554
2185 2204 74.5112432343569
2197 2240 18.7858091156694
2197 2222 100.102410011106
2170 2195 440.389469776849
2170 2178 104.220380878501
2170 2241 172.63688176351
2195 2228 198.319293464587
2196 2237 207.974456468226
2242 2203 193.541642264074
2242 2254 141.008841678718
2243 2321 433.733371954434
2243 2322 206.180036529986
2201 2206 243.629049233881
2202 2258 9.20133497034485
2202 2259 11.7797992630301
2173 2177 110.024624345011
2178 2233 371.565654472975
2211 2216 702.449537452078
2212 2208 240.567409353831
2212 2269 395.944363842549
2177 2199 140.358367534196
2192 2219 74.8532619465474
2215 2213 68.8675778585233
2215 2251 92.7700459441079
2200 2227 237.646773164967
2257 2224 117.902070497867
2257 2271 22.7060039045935
2199 2204 225.397719214412
2199 2231 252.320488969738
2233 2234 129.406136392
2203 2219 278.734893032213
2224 2288 54.8592178063198
2224 2289 60.9784484714241
2235 2344 53.5546197007765
2235 2345 49.5183473922374
2220 2229 318.257067197993
2220 2230 167.106628001273
2204 2222 119.057230733064
2186 2187 1767.54031549792
2187 2188 151.173028658258
2187 2189 3079.73498261596
2187 2190 1107.68818622041
2189 2341 59.685061245662
2341 2274 327.240487665622
2219 2232 91.1835363079373
2234 2227 244.227067144924
2237 2291 492.087105772497
2240 2244 91.5567195025485
2240 2247 232.743363222183
2222 2231 84.4298789388781
2213 2255 208.17133069431
2213 2256 156.60770328483
2231 2252 259.727537513058
2227 2284 93.4773039978128
2227 2286 94.7999469414703
2227 2287 109.835729795175
2206 2259 161.031139341866
2206 2223 2.34009173409012
2206 2267 137.03551742063
2206 2263 307.48242832058
2206 2268 173.961745178425
2258 2255 9.42423100289171
2259 2261 15.0057018049924
2208 2209 295.223444311518
2208 2262 248.98087436037
2209 2292 114.830373128788
2223 2221 916.648004469255
2267 2272 174.215255880866
2267 2273 119.897094643998
2263 2272 13.0151154553805
2268 2266 200.142216264688
2268 2312 83.2280416521052
2262 2309 172.588638834334
2262 2292 186.710763672174
2262 2318 106.827823225195
2292 2327 22.7154511053271
2236 2239 208.393071013315
2236 2274 328.214515570378
2216 2324 124.578231599798
2269 2342 64.2888075546493
2269 2349 127.817356068003
2255 2261 14.9855463174403
2256 2253 220.344474739478
2256 2294 199.60252271901
2256 2295 143.223203948879
2264 2275 23.7896109972441
2264 2276 166.332936433939
2251 2249 19.6958851333335
2251 2253 16.2466975297857
2324 2325 219.919059282242
2324 2326 89.4964030603367
2232 2249 16.442273605311
2232 2250 37.89908762473
2230 2248 582.637246723308
2230 2265 217.61853104333
2288 2265 36.2300742778361
2288 2289 28.1376379337616
2289 2285 72.4809049092061
2289 2303 47.3000376209901
2248 2282 415.985033106644
2239 2280 99.4473965705236
2284 2271 185.577504970423
2284 2286 33.1893880176609
2286 2285 202.549116407226
2286 2290 95.2150012400662
2287 2290 100.827526717061
2287 2315 100.967621297044
2265 2305 44.3596039954198
2265 2306 440.081697314288
2252 2307 71.1438826633392
2252 2316 85.8293822133738
2250 2253 18.1896111558667
2250 2260 29.6555969913312
2344 2345 24.6128868955817
2344 2353 14.4454982637153
2345 2354 12.904288568178
2274 2308 563.202037075591
2291 2320 64.6745001114953
2321 2323 278.909720657908
2328 2325 359.412372885424
2328 2332 195.198310179661
2280 2277 31.7470646928007
2280 2281 61.7423130442779
2244 2245 30.8375329170968
2244 2246 152.098732011109
2247 2307 42.5296070319642
2247 2308 242.592021014441
2254 2260 536.997047889407
2254 2293 382.026389098151
2322 2323 333.544958886513
2322 2372 109.353617359092
2307 2313 223.700191716556
2308 2313 88.9861525443709
2308 2371 318.632099148556
2260 2270 377.658905064327
2293 2376 22.3730228283623
2293 2355 169.164138633302
2261 2266 178.147047541561
2294 2266 8.66343481627552
2294 2295 246.800000242306
2294 2314 295.824717309393
2295 2333 216.005522882517
2271 2285 104.207693897445
2270 2333 82.0970499082147
2270 2355 567.522825614855
2309 2310 60.7679032707628
2309 2311 148.017975307291
2318 2311 199.648353964479
2318 2329 200.570402612845
2318 2340 99.8894956319738
2272 2275 16.728364016693
2275 2283 116.726156495861
2276 2299 12.2552592347103
2276 2300 172.100269497173
2305 2303 33.3569959660448
2305 2319 49.0896141349505
2273 2283 182.761301557802
2273 2296 166.160693493473
2312 2296 107.793344748869
2312 2314 139.754584391379
2342 2311 7.89172599492089
2342 2347 95.2555295471537
2349 2347 26.5011363355911
2333 2375 269.171260404757
2355 2375 263.75546470086
2355 2390 258.883730849755
2285 2297 193.509090089086
2283 2298 165.707198339521
2296 2298 190.086728723493
2296 2339 187.982952403763
2299 2301 165.798315449071
2299 2302 197.666925426875
2300 2298 69.9238897969654
2300 2334 184.281468101899
2300 2346 186.891699391753
2277 2278 56.4199644490932
2277 2279 20.8946482187879
2298 2343 189.29074943165
2297 2331 50.1202244280761
2297 2350 27.2365487392347
2290 2317 167.774567900576
2315 2335 574.738268771485
2315 2336 108.191202799035
2303 2319 50.25090030244
2320 2421 1679.8650243267
2327 2329 64.0209549055354
2327 2330 245.692336485179
2376 2379 99.3152910491592
2376 2380 357.730408479499
2314 2366 96.2957262303427
2339 2366 74.4307198919129
2339 2343 191.052101689983
2331 2319 76.490889135134
2331 2348 1080.10377742174
2350 2351 213.091649611132
2350 2352 163.537116175139
2343 2346 69.8966688975632
2343 2383 347.167550695797
2301 2302 110.997788950205
2301 2304 346.700434012023
2302 2334 55.2156011590472
2302 2304 92.2553539905787
2334 2304 73.3978182659603
2346 2386 69.1059590461855
2313 2353 190.903985696058
2371 2389 240.847938711626
2371 2406 971.784031940806
2353 2356 11.8008904907448
2366 2377 203.420595335957
2366 2378 605.813114845286
2329 2338 101.796008791749
2340 2359 72.2376531613226
2340 2347 191.432674315837
2340 2361 368.001538657375
2421 2422 430.653010034502
2421 2423 2146.53331121786
2323 2332 578.413237485161
2372 2384 322.716967046835
2372 2388 89.9259518378099
2332 2374 261.67343584493
2325 2326 244.112417308651
2326 2337 404.000306447343
2337 2399 287.029060484626
2337 2402 575.366503977296
2330 2362 158.048087624734
2330 2369 21.8811624004972
2338 2359 94.8549314818881
2338 2362 16.0120125218085
2362 2360 190.682597987804
2369 2368 31.1182494861253
2369 2373 251.466325542215
2348 2383 310.343992780019
2348 2420 489.599420578285
2374 2388 988.832021523393
2374 2397 83.7440368292433
2375 2393 220.609288965407
2399 2397 171.924184597006
2399 2402 1068.25693276532
2402 2432 377.907549438286
2359 2360 163.757160319401
2361 2392 62.8102152570175
2383 2410 193.938175311839
2354 2357 104.319412902734
2354 2358 15.6273750995848
2356 2358 22.6744383944268
2356 2363 146.741431355178
2357 2364 38.9772839049464
2357 2365 35.5561775548653
2358 2367 148.543787969981
2363 2367 39.459225255526
2363 2389 53.2626358865061
2364 2368 15.0923274598363
2364 2365 17.0195602742475
2365 2370 15.0592747747702
2367 2370 200.779274835855
2367 2391 48.8800760327374
2360 2392 187.268967025294
2392 2400 208.283862300623
2392 2407 255.836387973714
2389 2391 34.0943075528283
2389 2394 98.4374206477277
2368 2370 28.4768400053197
2377 2404 95.7682704860863
2377 2405 95.6667014072266
2378 2393 420.010900802891
2378 2417 230.88803605162
2378 2424 487.370770516013
2391 2395 75.6113122856272
2373 2395 219.756180606747
2373 2400 44.2495190221777
2406 2429 62.60582965583
2384 2382 69.2172501348093
2384 2387 98.618750978381
2388 2387 315.975750457906
2388 2396 181.186947346062
2395 2394 16.8503688119969
2400 2401 292.366061221633
2397 2398 180.221646214954
2393 2414 447.053832245247
2379 2381 157.917755242548
2379 2382 131.076161806311
2380 2387 516.447543744278
2380 2419 313.761184795488
2404 2405 25.6108621382598
2404 2410 29.7669593103637
2405 2413 38.9786412959842
2417 2413 162.014722022679
2417 2426 425.108938874153
2424 2414 414.840113438523
2424 2437 201.95568389929
2424 2438 241.717541711455
2382 2385 235.836669941529
2419 2412 569.449335250983
2419 2414 275.942128789838
2410 2415 18.8867815357368
2396 2411 419.835772707725
2396 2412 463.103368694398
2394 2403 71.8061622493989
2407 2401 192.244805935743
2407 2409 540.576715391758
2414 2428 644.171548293435
2403 2408 547.709921235568
2403 2409 710.512393756964
2412 2430 548.320302218909
2412 2431 729.908197146477
2401 2427 92.3764120614544
2432 2436 320.138518325016
2408 2436 1327.91741511915
2409 2446 622.956937099998
2413 2416 12.6005648821745
2429 2472 1800.75531537871
2446 2467 999.246629815741
2446 2468 1757.12156142242
2415 2416 18.6399767042467
2415 2418 100.375834867687
2430 2439 299.442525880217
2431 2428 688.043722521212
2431 2463 548.838361706748
2416 2418 96.5982857399226
2428 2438 680.036068758474
2428 2458 1177.61095190885
2418 2425 367.674815860379
2426 2437 178.015145640448
2426 2434 96.7246196187651
2425 2434 263.404811126189
2425 2435 350.199193807332
2422 2433 804.772600298082
2433 2481 834.757749045018
2437 2434 198.552387341874
2438 2434 435.743894286914
2438 2451 339.836363578737
2435 2448 100.088161193736
2435 2449 2440.49365944331
2458 2480 341.842088907223
2458 2484 282.280403623119
2472 2471 409.62026725689
2472 2473 351.977416128537
2472 2474 759.024646998533
2439 2445 350.154197294972
2463 2476 41.4952071764285
2463 2477 773.720628197256
2481 2482 2082.34647688631
2448 2450 629.288697793325
2449 2484 489.815584271552
2449 2491 923.373172960601
2451 2462 244.349762330485
2445 2456 46.3297852897726
2440 2441 1131.64977867366
2440 2442 177.789865243343
2440 2443 594.877577666254
2441 2444 1423.69775924156
2442 2447 252.595963561115
2442 2443 517.926788916771
2443 2459 304.376960653911
2443 2461 406.999684159143
2447 2452 54.2979790246592
2447 2453 656.235940085746
2459 2455 327.463148863463
2459 2460 283.534643162304
2459 2464 628.868243956127
2456 2457 400.635554499282
2467 2485 67.2675232140413
2467 2486 493.832481238346
2452 2454 194.322324733882
2452 2455 175.057186440037
2453 2450 166.776472097364
2453 2465 191.209691331136
2453 2466 2263.15652588199
2484 2483 295.293420116038
2491 2488 402.076026590392
2462 2469 230.311028394121
2455 2460 325.924962282059
2465 2460 199.861241583001
2465 2470 1914.82787394288
2466 2497 375.200414532982
2466 2498 1571.94915004575
2480 2476 291.652027582189
2480 2483 271.740626661204
2469 2475 193.381204069358
2476 2479 183.042797340497
2477 2487 213.64706602432
2477 2488 481.869559068667
2470 2499 1556.47308773445
2470 2497 718.924138877013
2470 2500 833.974363384017
2497 2500 987.258047357285
2498 2503 52.1168748063062
2498 2502 1960.91932723433
2485 2489 388.86278160448
2485 2490 423.95522710338
2486 2492 271.088133250563
2486 2490 69.7585242015525
2500 2502 299.92614802531
2473 2478 1809.47124925182
2478 2492 68.0575040399153
2488 2483 97.3085751438709
2489 2493 55.4584380877705
2490 2494 934.183035610087
2493 2495 159.424107299462
2495 2496 145.983651903201
2496 2501 253.480187116611
2502 2504 1701.8443242457
2504 2505 38.2349613970456
2505 2506 363.396153890368
